3200.  3.457670E-18
3202.11786372007  6.407888E-18
3204.23572744015  4.354036E-18
3206.35359116022  2.483298E-18
3208.4714548803  5.793533E-18
3210.58931860037  8.974265E-18
3212.70718232044  6.245575E-18
3214.82504604052  3.149964E-18
3216.94290976059  6.694644E-18
3219.06077348066  7.969018E-18
3221.17863720074  3.826672E-18
3223.29650092081  4.562534E-18
3225.41436464088  5.987060E-18
3227.53222836096  7.399447E-18
3229.65009208103  6.967274E-18
3231.7679558011  6.023613E-18
3233.88581952118  5.938641E-18
3236.00368324125  3.800805E-18
3238.12154696133  2.843485E-18
3240.2394106814  3.960964E-18
3242.35727440147  3.230087E-18
3244.47513812155  2.638234E-18
3246.59300184162  7.070422E-18
3248.7108655617  7.022100E-18
3250.82872928177  4.084342E-18
3252.94659300184  2.955780E-18
3255.06445672192  4.876434E-18
3257.18232044199  6.502090E-18
3259.30018416206  4.763793E-18
3261.41804788214  6.643871E-18
3263.53591160221  9.391289E-18
3265.65377532228  6.047903E-18
3267.77163904236  2.268529E-18
3269.88950276243  4.229465E-18
3272.00736648251  5.775057E-18
3274.12523020258  4.986249E-18
3276.24309392265  6.747802E-18
3278.36095764273  5.183683E-18
3280.4788213628  3.307993E-18
3282.59668508287  6.141115E-18
3284.71454880295  7.434322E-18
3286.83241252302  5.591864E-18
3288.9502762431  5.880427E-18
3291.06813996317  5.679428E-18
3293.18600368324  2.742717E-18
3295.30386740332  3.081238E-18
3297.42173112339  6.704659E-18
3299.53959484346  7.707213E-18
3301.65745856354  5.972263E-18
3303.77532228361  5.706097E-18
3305.89318600368  5.958009E-18
3308.01104972376  6.040526E-18
3310.12891344383  5.592487E-18
3312.24677716391  4.656064E-18
3314.36464088398  5.901049E-18
3316.48250460405  5.924909E-18
3318.60036832413  5.570035E-18
3320.7182320442  5.779382E-18
3322.83609576427  6.335403E-18
3324.95395948435  7.125749E-18
3327.07182320442  5.815489E-18
3329.1896869245  6.062938E-18
3331.30755064457  6.623656E-18
3333.42541436464  4.528946E-18
3335.54327808472  4.886603E-18
3337.66114180479  5.953257E-18
3339.77900552486  5.319065E-18
3341.89686924494  3.494965E-18
3344.01473296501  2.103611E-18
3346.13259668509  3.112518E-18
3348.25046040516  3.487132E-18
3350.36832412523  3.558804E-18
3352.48618784531  3.890302E-18
3354.60405156538  3.937292E-18
3356.72191528545  4.530084E-18
3358.83977900553  5.293759E-18
3360.9576427256  4.344417E-18
3363.07550644568  4.838761E-18
3365.19337016575  6.960224E-18
3367.31123388582  4.841685E-18
3369.4290976059  2.859927E-18
3371.54696132597  4.234038E-18
3373.66482504604  4.537513E-18
3375.78268876612  3.179071E-18
3377.90055248619  2.245141E-18
3380.01841620626  2.846556E-18
3382.13627992634  3.694033E-18
3384.25414364641  2.816457E-18
3386.37200736649  1.839186E-18
3388.48987108656  2.434420E-18
3390.60773480663  1.793134E-18
3392.72559852671  1.431449E-18
3394.84346224678  2.800773E-18
3396.96132596686  3.211935E-18
3399.07918968693  2.875293E-18
3401.197053407  2.739373E-18
3403.31491712708  2.661907E-18
3405.43278084715  2.195145E-18
3407.55064456722  2.656645E-18
3409.6685082873  4.298855E-18
3411.78637200737  4.496138E-18
3413.90423572744  4.775223E-18
3416.02209944752  5.689523E-18
3418.13996316759  6.016615E-18
3420.25782688766  5.722666E-18
3422.37569060774  3.351313E-18
3424.49355432781  2.482033E-18
3426.61141804789  3.333777E-18
3428.72928176796  3.944046E-18
3430.84714548803  4.952649E-18
3432.96500920811  4.943522E-18
3435.08287292818  5.292626E-18
3437.20073664825  5.736369E-18
3439.31860036833  4.982888E-18
3441.4364640884  4.534614E-18
3443.55432780848  5.354355E-18
3445.67219152855  6.052040E-18
3447.79005524862  5.838627E-18
3449.9079189687  6.272734E-18
3452.02578268877  5.242832E-18
3454.14364640884  4.474219E-18
3456.26151012892  3.991970E-18
3458.37937384899  4.645290E-18
3460.49723756907  5.526432E-18
3462.61510128914  4.076147E-18
3464.73296500921  3.785807E-18
3466.85082872929  4.870996E-18
3468.96869244936  5.674936E-18
3471.08655616943  5.281558E-18
3473.20441988951  4.682602E-18
3475.32228360958  4.633897E-18
3477.44014732965  4.184401E-18
3479.55801104973  5.745989E-18
3481.6758747698  6.898272E-18
3483.79373848988  6.184209E-18
3485.91160220995  6.272204E-18
3488.02946593002  7.560376E-18
3490.1473296501  8.785549E-18
3492.26519337017  6.494178E-18
3494.38305709025  4.624966E-18
3496.50092081032  5.846520E-18
3498.61878453039  6.400714E-18
3500.73664825047  6.465176E-18
3502.85451197054  6.376487E-18
3504.97237569061  6.341392E-18
3507.09023941069  7.024099E-18
3509.20810313076  5.878974E-18
3511.32596685083  5.498007E-18
3513.44383057091  5.734851E-18
3515.56169429098  6.282970E-18
3517.67955801106  6.306459E-18
3519.79742173113  5.600433E-18
3521.9152854512  5.127172E-18
3524.03314917128  5.950239E-18
3526.15101289135  5.995658E-18
3528.26887661142  5.093236E-18
3530.3867403315  5.227086E-18
3532.50460405157  5.372732E-18
3534.62246777165  6.580873E-18
3536.74033149172  5.950681E-18
3538.85819521179  4.220085E-18
3540.97605893187  4.982366E-18
3543.09392265194  4.458185E-18
3545.21178637201  3.489366E-18
3547.32965009209  4.292116E-18
3549.44751381216  4.686099E-18
3551.56537753223  5.750713E-18
3553.68324125231  6.294705E-18
3555.80110497238  4.076399E-18
3557.91896869246  3.602369E-18
3560.03683241253  4.273525E-18
3562.1546961326  5.080201E-18
3564.27255985268  5.699026E-18
3566.39042357275  5.449412E-18
3568.50828729282  4.894254E-18
3570.6261510129  4.383669E-18
3572.74401473297  3.850199E-18
3574.86187845305  3.473612E-18
3576.97974217312  4.860704E-18
3579.09760589319  5.356381E-18
3581.21546961327  5.869774E-18
3583.33333333334  6.130110E-18
3585.45119705341  4.473267E-18
3587.56906077349  4.351388E-18
3589.68692449356  4.442555E-18
3591.80478821364  4.910576E-18
3593.92265193371  5.040096E-18
3596.04051565378  4.152903E-18
3598.15837937386  3.950115E-18
3600.27624309393  4.410970E-18
3602.394106814  4.558684E-18
3604.51197053408  5.048608E-18
3606.62983425415  5.406054E-18
3608.74769797423  5.801999E-18
3610.8655616943  5.470820E-18
3612.98342541437  5.335884E-18
3615.10128913445  6.098192E-18
3617.21915285452  5.950374E-18
3619.33701657459  5.352198E-18
3621.45488029467  5.296781E-18
3623.57274401474  5.632853E-18
3625.69060773481  5.735713E-18
3627.80847145489  4.759174E-18
3629.92633517496  4.933139E-18
3632.04419889504  5.028285E-18
3634.16206261511  5.089680E-18
3636.27992633518  4.767635E-18
3638.39779005526  4.453045E-18
3640.51565377533  4.918078E-18
3642.6335174954  4.578982E-18
3644.75138121548  4.546997E-18
3646.86924493555  5.245119E-18
3648.98710865562  6.285970E-18
3651.1049723757  5.353429E-18
3653.22283609577  4.126993E-18
3655.34069981585  5.051760E-18
3657.45856353592  5.665125E-18
3659.57642725599  4.907700E-18
3661.69429097607  4.383734E-18
3663.81215469614  4.713197E-18
3665.93001841621  5.620031E-18
3668.04788213629  5.544607E-18
3670.16574585636  4.775468E-18
3672.28360957644  5.984020E-18
3674.40147329651  6.054848E-18
3676.51933701658  6.310560E-18
3678.63720073666  6.096545E-18
3680.75506445673  5.429894E-18
3682.8729281768  5.029597E-18
3684.99079189688  5.473286E-18
3687.10865561695  5.214391E-18
3689.22651933702  4.318272E-18
3691.3443830571  3.636599E-18
3693.46224677717  4.547953E-18
3695.58011049725  5.439868E-18
3697.69797421732  4.445616E-18
3699.81583793739  3.776856E-18
3701.93370165747  3.929361E-18
3704.05156537754  5.114357E-18
3706.16942909761  4.537615E-18
3708.28729281769  4.433421E-18
3710.40515653776  4.962603E-18
3712.52302025784  5.766737E-18
3714.64088397791  5.597520E-18
3716.75874769798  4.952462E-18
3718.87661141806  4.955331E-18
3720.99447513813  5.237540E-18
3723.1123388582  5.186012E-18
3725.23020257828  4.804780E-18
3727.34806629835  5.884265E-18
3729.46593001843  6.625998E-18
3731.5837937385  5.602747E-18
3733.70165745857  5.015394E-18
3735.81952117865  6.087628E-18
3737.93738489872  6.483426E-18
3740.05524861879  5.409826E-18
3742.17311233887  3.394516E-18
3744.29097605894  4.275370E-18
3746.40883977902  6.102001E-18
3748.52670349909  6.424963E-18
3750.64456721916  5.342169E-18
3752.76243093924  4.780907E-18
3754.88029465931  5.047984E-18
3756.99815837938  4.688329E-18
3759.11602209946  4.357975E-18
3761.23388581953  4.267799E-18
3763.3517495396  3.743862E-18
3765.46961325968  5.111481E-18
3767.58747697975  5.909052E-18
3769.70534069983  4.630031E-18
3771.8232044199  4.155322E-18
3773.94106813997  5.098637E-18
3776.05893186005  4.729046E-18
3778.17679558012  4.274796E-18
3780.2946593002  4.594490E-18
3782.41252302027  4.717182E-18
3784.53038674034  4.904431E-18
3786.64825046042  5.746608E-18
3788.76611418049  5.876110E-18
3790.88397790056  6.232289E-18
3793.00184162064  6.077974E-18
3795.11970534071  5.715667E-18
3797.23756906078  6.291600E-18
3799.35543278086  6.713549E-18
3801.47329650093  7.679289E-18
3803.591160221  7.130041E-18
3805.70902394108  6.890011E-18
3807.82688766115  7.203478E-18
3809.94475138123  6.257715E-18
3812.0626151013  6.230492E-18
3814.18047882137  5.967564E-18
3816.29834254145  5.325262E-18
3818.41620626152  4.915013E-18
3820.53406998159  5.938301E-18
3822.65193370167  6.330389E-18
3824.76979742174  6.115946E-18
3826.88766114182  7.080972E-18
3829.00552486189  7.598541E-18
3831.12338858196  6.863960E-18
3833.24125230204  6.144811E-18
3835.35911602211  5.901687E-18
3837.47697974218  6.860212E-18
3839.59484346226  6.101031E-18
3841.71270718233  5.145158E-18
3843.83057090241  5.540648E-18
3845.94843462248  5.863403E-18
3848.06629834255  5.678239E-18
3850.18416206263  5.183081E-18
3852.3020257827  4.657227E-18
3854.41988950277  4.216800E-18
3856.53775322285  4.221880E-18
3858.65561694292  4.524005E-18
3860.773480663  5.279241E-18
3862.89134438307  5.868594E-18
3865.00920810314  6.593506E-18
3867.12707182322  6.905147E-18
3869.24493554329  6.697282E-18
3871.36279926336  6.650145E-18
3873.48066298344  6.721664E-18
3875.59852670351  6.591078E-18
3877.71639042359  6.305435E-18
3879.83425414366  6.455485E-18
3881.95211786373  6.683912E-18
3884.06998158381  7.344265E-18
3886.18784530388  7.856759E-18
3888.30570902395  7.212596E-18
3890.42357274403  6.534047E-18
3892.5414364641  6.426630E-18
3894.65930018417  6.206406E-18
3896.77716390425  6.472025E-18
3898.89502762432  6.753102E-18
3901.0128913444  5.997436E-18
3903.13075506447  4.674406E-18
3905.24861878454  5.077582E-18
3907.36648250462  5.388922E-18
3909.48434622469  5.212604E-18
3911.60220994476  5.537965E-18
3913.72007366484  6.706378E-18
3915.83793738491  7.913354E-18
3917.95580110499  7.995259E-18
3920.07366482506  7.358037E-18
3922.19152854513  6.785394E-18
3924.30939226521  7.205278E-18
3926.42725598528  7.353725E-18
3928.54511970535  7.834448E-18
3930.66298342543  8.118250E-18
3932.7808471455  7.858638E-18
3934.89871086557  7.342020E-18
3937.01657458565  6.765811E-18
3939.13443830572  7.217142E-18
3941.2523020258  7.105356E-18
3943.37016574587  6.856308E-18
3945.48802946594  6.395226E-18
3947.60589318602  5.266980E-18
3949.72375690609  4.029815E-18
3951.84162062616  3.065148E-18
3953.95948434624  4.354044E-18
3956.07734806631  5.158572E-18
3958.19521178639  4.055675E-18
3960.31307550646  4.876015E-18
3962.43093922653  6.130279E-18
3964.54880294661  6.061120E-18
3966.66666666668  6.942813E-18
3968.78453038675  7.770063E-18
3970.90239410683  7.188909E-18
3973.0202578269  7.121850E-18
3975.13812154698  6.479037E-18
3977.25598526705  6.051096E-18
3979.37384898712  6.128243E-18
3981.4917127072  5.742424E-18
3983.60957642727  5.454598E-18
3985.72744014734  4.245890E-18
3987.84530386742  2.979394E-18
3989.96316758749  3.418871E-18
3992.08103130756  3.707774E-18
3994.19889502764  4.073119E-18
3996.31675874771  5.458977E-18
3998.43462246779  6.330333E-18
4000.55248618786  7.232594E-18
4002.67034990793  7.707470E-18
4004.78821362801  7.258833E-18
4006.90607734808  7.623286E-18
4009.02394106815  7.365150E-18
4011.14180478823  7.364984E-18
4013.2596685083  8.349137E-18
4015.37753222838  8.457987E-18
4017.49539594845  7.952773E-18
4019.61325966852  8.196159E-18
4021.7311233886  8.695321E-18
4023.84898710867  7.906282E-18
4025.96685082874  7.450226E-18
4028.08471454882  7.714635E-18
4030.20257826889  8.283673E-18
4032.32044198896  8.213463E-18
4034.43830570904  8.436999E-18
4036.55616942911  8.843693E-18
4038.67403314919  9.754537E-18
4040.79189686926  9.631880E-18
4042.90976058933  7.717215E-18
4045.02762430941  7.867068E-18
4047.14548802948  8.452770E-18
4049.26335174955  8.058493E-18
4051.38121546963  7.953247E-18
4053.4990791897  7.701078E-18
4055.61694290978  7.287671E-18
4057.73480662985  7.962707E-18
4059.85267034992  8.956864E-18
4061.97053407  8.701591E-18
4064.08839779007  7.733038E-18
4066.20626151014  7.151321E-18
4068.32412523022  8.167675E-18
4070.44198895029  8.577042E-18
4072.55985267037  7.421399E-18
4074.67771639044  7.077719E-18
4076.79558011051  7.931392E-18
4078.91344383059  8.236742E-18
4081.03130755066  8.488843E-18
4083.14917127074  8.382751E-18
4085.26703499081  8.005217E-18
4087.38489871088  8.206778E-18
4089.50276243096  9.064537E-18
4091.62062615103  8.595136E-18
4093.7384898711  8.531327E-18
4095.85635359118  8.755718E-18
4097.97421731125  8.504375E-18
4100.09208103132  8.500239E-18
4102.2099447514  8.659001E-18
4104.32780847147  9.111236E-18
4106.44567219154  1.005432E-17
4108.56353591162  1.004184E-17
4110.68139963169  8.825278E-18
4112.79926335177  8.483930E-18
4114.91712707184  8.633818E-18
4117.03499079191  7.318254E-18
4119.15285451199  7.221269E-18
4121.27071823206  7.703549E-18
4123.38858195213  7.386962E-18
4125.50644567221  7.110370E-18
4127.62430939228  7.188775E-18
4129.74217311236  8.532041E-18
4131.86003683243  8.922978E-18
4133.9779005525  8.131638E-18
4136.09576427258  9.034611E-18
4138.21362799265  9.394843E-18
4140.33149171272  8.671199E-18
4142.4493554328  8.806225E-18
4144.56721915287  8.865159E-18
4146.68508287295  8.909506E-18
4148.80294659302  8.954659E-18
4150.92081031309  8.326283E-18
4153.03867403317  7.795344E-18
4155.15653775324  8.536808E-18
4157.27440147331  9.497481E-18
4159.39226519339  9.428314E-18
4161.51012891346  8.932508E-18
4163.62799263353  8.483495E-18
4165.74585635361  8.332319E-18
4167.86372007368  8.902626E-18
4169.98158379376  9.257508E-18
4172.09944751383  9.053761E-18
4174.2173112339  8.521671E-18
4176.33517495398  7.877650E-18
4178.45303867405  8.123372E-18
4180.57090239413  9.411078E-18
4182.6887661142  9.697048E-18
4184.80662983427  8.597227E-18
4186.92449355435  8.594110E-18
4189.04235727442  9.414047E-18
4191.16022099449  9.204304E-18
4193.27808471457  8.913166E-18
4195.39594843464  8.713343E-18
4197.51381215472  8.750935E-18
4199.63167587479  9.042103E-18
4201.74953959486  8.942477E-18
4203.86740331494  8.713539E-18
4205.98526703501  8.688602E-18
4208.10313075508  9.517797E-18
4210.22099447516  9.244382E-18
4212.33885819523  9.205911E-18
4214.4567219153  9.748158E-18
4216.57458563538  8.973706E-18
4218.69244935545  8.682310E-18
4220.81031307552  8.697065E-18
4222.9281767956  8.564814E-18
4225.04604051567  8.946517E-18
4227.16390423575  8.812060E-18
4229.28176795582  9.087526E-18
4231.39963167589  9.861288E-18
4233.51749539597  9.385180E-18
4235.63535911604  8.093894E-18
4237.75322283611  8.988815E-18
4239.87108655619  9.977400E-18
4241.98895027626  9.851970E-18
4244.10681399633  8.732066E-18
4246.22467771641  8.341381E-18
4248.34254143648  8.458852E-18
4250.46040515656  8.148231E-18
4252.57826887663  8.338211E-18
4254.6961325967  9.080154E-18
4256.81399631678  9.222082E-18
4258.93186003685  9.006637E-18
4261.04972375692  9.131814E-18
4263.167587477  9.328060E-18
4265.28545119707  9.087522E-18
4267.40331491715  9.286556E-18
4269.52117863722  9.499644E-18
4271.63904235729  8.547770E-18
4273.75690607737  8.439630E-18
4275.87476979744  9.521410E-18
4277.99263351752  9.455818E-18
4280.11049723759  9.349765E-18
4282.22836095766  9.614402E-18
4284.34622467774  9.651148E-18
4286.46408839781  9.523821E-18
4288.58195211788  9.122628E-18
4290.69981583796  9.480046E-18
4292.81767955803  9.595365E-18
4294.93554327811  9.772655E-18
4297.05340699818  9.530741E-18
4299.17127071825  9.242467E-18
4301.28913443833  9.013326E-18
4303.4069981584  8.918633E-18
4305.52486187847  8.648601E-18
4307.64272559855  9.054004E-18
4309.76058931862  9.715453E-18
4311.87845303869  9.532342E-18
4313.99631675877  8.308336E-18
4316.11418047884  8.048942E-18
4318.23204419891  8.676821E-18
4320.34990791899  8.713480E-18
4322.46777163906  8.087543E-18
4324.58563535914  7.030362E-18
4326.70349907921  7.239811E-18
4328.82136279928  7.530637E-18
4330.93922651936  7.230049E-18
4333.05709023943  7.984659E-18
4335.1749539595  8.851399E-18
4337.29281767958  9.364376E-18
4339.41068139965  8.892250E-18
4341.52854511973  8.995923E-18
4343.6464088398  9.739037E-18
4345.76427255987  9.304980E-18
4347.88213627995  9.568142E-18
4350.00000000002  1.013704E-17
4352.11786372009  1.013486E-17
4354.23572744017  9.776840E-18
4356.35359116024  9.176973E-18
4358.47145488032  8.960910E-18
4360.58931860039  9.009385E-18
4362.70718232046  9.019985E-18
4364.82504604054  8.921966E-18
4366.94290976061  9.338583E-18
4369.06077348069  9.871139E-18
4371.17863720076  1.012471E-17
4373.29650092083  1.009709E-17
4375.4143646409  9.814338E-18
4377.53222836098  9.384484E-18
4379.65009208105  1.008876E-17
4381.76795580113  1.096340E-17
4383.8858195212  1.063771E-17
4386.00368324127  1.047079E-17
4388.12154696135  1.107147E-17
4390.23941068142  1.072446E-17
4392.35727440149  9.810658E-18
4394.47513812157  9.271556E-18
4396.59300184164  9.455181E-18
4398.71086556172  9.842631E-18
4400.82872928179  9.816401E-18
4402.94659300186  9.650756E-18
4405.06445672194  9.108248E-18
4407.18232044201  8.830268E-18
4409.30018416208  9.020127E-18
4411.41804788216  9.624492E-18
4413.53591160223  9.927941E-18
4415.65377532231  9.441534E-18
4417.77163904238  9.119488E-18
4419.88950276245  9.071849E-18
4422.00736648253  9.120965E-18
4424.1252302026  9.773580E-18
4426.24309392267  9.935299E-18
4428.36095764275  9.261215E-18
4430.47882136282  9.347429E-18
4432.5966850829  9.604780E-18
4434.71454880297  9.738741E-18
4436.83241252304  9.370329E-18
4438.95027624312  1.021708E-17
4441.06813996319  1.080335E-17
4443.18600368326  1.004940E-17
4445.30386740334  1.022933E-17
4447.42173112341  1.039657E-17
4449.53959484348  1.008859E-17
4451.65745856356  1.047278E-17
4453.77532228363  1.084697E-17
4455.89318600371  1.072844E-17
4458.01104972378  1.087855E-17
4460.12891344385  1.054178E-17
4462.24677716393  9.640106E-18
4464.364640884  9.511647E-18
4466.48250460408  9.762966E-18
4468.60036832415  9.984613E-18
4470.71823204422  1.055230E-17
4472.8360957643  1.052486E-17
4474.95395948437  9.974061E-18
4477.07182320444  9.644770E-18
4479.18968692452  9.163630E-18
4481.30755064459  9.225559E-18
4483.42541436466  1.003778E-17
4485.54327808474  9.852724E-18
4487.66114180481  9.691783E-18
4489.77900552488  1.013735E-17
4491.89686924496  9.733145E-18
4494.01473296503  1.028418E-17
4496.13259668511  1.169392E-17
4498.25046040518  1.213439E-17
4500.36832412525  1.137128E-17
4502.48618784533  1.118244E-17
4504.6040515654  1.148003E-17
4506.72191528547  1.070960E-17
4508.83977900555  1.096612E-17
4510.95764272562  1.096883E-17
4513.0755064457  1.023939E-17
4515.19337016577  1.032646E-17
4517.31123388584  1.066373E-17
4519.42909760592  1.060129E-17
4521.54696132599  1.050357E-17
4523.66482504606  1.126768E-17
4525.78268876614  1.126836E-17
4527.90055248621  1.121542E-17
4530.01841620628  1.153984E-17
4532.13627992636  1.102553E-17
4534.25414364643  1.065696E-17
4536.37200736651  1.147485E-17
4538.48987108658  1.184413E-17
4540.60773480665  1.134138E-17
4542.72559852673  1.093031E-17
4544.8434622468  1.125330E-17
4546.96132596687  1.165843E-17
4549.07918968695  1.116862E-17
4551.19705340702  1.072903E-17
4553.3149171271  1.083100E-17
4555.43278084717  1.069880E-17
4557.55064456724  1.053693E-17
4559.66850828732  1.070513E-17
4561.78637200739  1.152788E-17
4563.90423572747  1.205109E-17
4566.02209944754  1.065328E-17
4568.13996316761  9.855663E-18
4570.25782688769  1.043438E-17
4572.37569060776  1.150409E-17
4574.49355432783  1.062288E-17
4576.61141804791  9.940176E-18
4578.72928176798  1.121297E-17
4580.84714548806  1.162387E-17
4582.96500920813  1.195789E-17
4585.0828729282  1.194978E-17
4587.20073664828  1.146832E-17
4589.31860036835  1.129354E-17
4591.43646408842  1.150074E-17
4593.5543278085  1.186583E-17
4595.67219152857  1.107166E-17
4597.79005524864  1.075222E-17
4599.90791896872  1.109590E-17
4602.02578268879  1.120557E-17
4604.14364640887  1.080779E-17
4606.26151012894  1.085983E-17
4608.37937384901  1.150959E-17
4610.49723756909  1.137621E-17
4612.61510128916  1.029606E-17
4614.73296500923  1.090144E-17
4616.85082872931  1.184867E-17
4618.96869244938  1.168807E-17
4621.08655616945  1.206476E-17
4623.20441988953  1.198746E-17
4625.3222836096  1.105127E-17
4627.44014732968  1.105682E-17
4629.55801104975  1.259523E-17
4631.67587476982  1.324469E-17
4633.7937384899  1.142623E-17
4635.91160220997  1.059558E-17
4638.02946593004  1.203801E-17
4640.14732965012  1.257966E-17
4642.26519337019  1.216991E-17
4644.38305709027  1.209522E-17
4646.50092081034  1.232080E-17
4648.61878453041  1.255022E-17
4650.73664825049  1.290910E-17
4652.85451197056  1.224397E-17
4654.97237569063  1.193403E-17
4657.09023941071  1.220817E-17
4659.20810313078  1.241172E-17
4661.32596685085  1.217288E-17
4663.44383057093  1.173037E-17
4665.561694291  1.164725E-17
4667.67955801108  1.242037E-17
4669.79742173115  1.343591E-17
4671.91528545122  1.366814E-17
4674.0331491713  1.348543E-17
4676.15101289137  1.322666E-17
4678.26887661144  1.270250E-17
4680.38674033152  1.279584E-17
4682.50460405159  1.269317E-17
4684.62246777167  1.238046E-17
4686.74033149174  1.173798E-17
4688.85819521181  1.167407E-17
4690.97605893189  1.171631E-17
4693.09392265196  1.214653E-17
4695.21178637203  1.245305E-17
4697.32965009211  1.235184E-17
4699.44751381218  1.304404E-17
4701.56537753225  1.230946E-17
4703.68324125233  1.259291E-17
4705.8011049724  1.275202E-17
4707.91896869248  1.237382E-17
4710.03683241255  1.272486E-17
4712.15469613262  1.245274E-17
4714.2725598527  1.198856E-17
4716.39042357277  1.223703E-17
4718.50828729284  1.237166E-17
4720.62615101292  1.238836E-17
4722.74401473299  1.302097E-17
4724.86187845307  1.295561E-17
4726.97974217314  1.199360E-17
4729.09760589321  1.228949E-17
4731.21546961329  1.313377E-17
4733.33333333336  1.206474E-17
4735.45119705343  1.105064E-17
4737.56906077351  1.196517E-17
4739.68692449358  1.351851E-17
4741.80478821366  1.276374E-17
4743.92265193373  1.204082E-17
4746.0405156538  1.247844E-17
4748.15837937388  1.247111E-17
4750.27624309395  1.194714E-17
4752.39410681403  1.231133E-17
4754.5119705341  1.296221E-17
4756.62983425417  1.212594E-17
4758.74769797424  1.221502E-17
4760.86556169432  1.191722E-17
4762.98342541439  1.186099E-17
4765.10128913447  1.270149E-17
4767.21915285454  1.309800E-17
4769.33701657461  1.226502E-17
4771.45488029469  1.172493E-17
4773.57274401476  1.249137E-17
4775.69060773483  1.273146E-17
4777.80847145491  1.234976E-17
4779.92633517498  1.268636E-17
4782.04419889506  1.255512E-17
4784.16206261513  1.186433E-17
4786.2799263352  1.192156E-17
4788.39779005528  1.215601E-17
4790.51565377535  1.265879E-17
4792.63351749542  1.267158E-17
4794.7513812155  1.205204E-17
4796.86924493557  1.185035E-17
4798.98710865565  1.194182E-17
4801.10497237572  1.231479E-17
4803.22283609579  1.270025E-17
4805.34069981587  1.289833E-17
4807.45856353594  1.265338E-17
4809.57642725601  1.222279E-17
4811.69429097609  1.257286E-17
4813.81215469616  1.305867E-17
4815.93001841624  1.307626E-17
4818.04788213631  1.227508E-17
4820.16574585638  1.215717E-17
4822.28360957646  1.220972E-17
4824.40147329653  1.255173E-17
4826.5193370166  1.251125E-17
4828.63720073668  1.198312E-17
4830.75506445675  1.284597E-17
4832.87292817683  1.281612E-17
4834.9907918969  1.250623E-17
4837.10865561697  1.306833E-17
4839.22651933705  1.257711E-17
4841.34438305712  1.218856E-17
4843.46224677719  1.264854E-17
4845.58011049727  1.261744E-17
4847.69797421734  1.239432E-17
4849.81583793742  1.133648E-17
4851.93370165749  1.159168E-17
4854.05156537756  1.163260E-17
4856.16942909764  1.168396E-17
4858.28729281771  1.297289E-17
4860.40515653778  1.274877E-17
4862.52302025786  1.159531E-17
4864.64088397793  1.210756E-17
4866.758747698  1.265140E-17
4868.87661141808  1.215498E-17
4870.99447513815  1.201411E-17
4873.11233885823  1.229814E-17
4875.2302025783  1.241900E-17
4877.34806629837  1.286944E-17
4879.46593001845  1.242011E-17
4881.58379373852  1.132514E-17
4883.70165745859  1.101010E-17
4885.81952117867  1.092715E-17
4887.93738489874  1.052499E-17
4890.05524861882  1.124433E-17
4892.17311233889  1.194742E-17
4894.29097605896  1.202626E-17
4896.40883977904  1.248161E-17
4898.52670349911  1.213739E-17
4900.64456721918  1.230101E-17
4902.76243093926  1.208492E-17
4904.88029465933  1.199372E-17
4906.9981583794  1.160131E-17
4909.11602209948  1.225303E-17
4911.23388581955  1.195048E-17
4913.35174953963  1.177734E-17
4915.4696132597  1.300582E-17
4917.58747697977  1.370126E-17
4919.70534069985  1.384105E-17
4921.82320441992  1.339462E-17
4923.94106813999  1.326464E-17
4926.05893186007  1.304657E-17
4928.17679558014  1.363497E-17
4930.29465930021  1.346019E-17
4932.41252302029  1.262327E-17
4934.53038674036  1.236707E-17
4936.64825046044  1.213181E-17
4938.76611418051  1.191599E-17
4940.88397790058  1.184398E-17
4943.00184162066  1.237467E-17
4945.11970534073  1.303983E-17
4947.23756906081  1.287437E-17
4949.35543278088  1.283918E-17
4951.47329650095  1.298102E-17
4953.59116022103  1.341090E-17
4955.7090239411  1.351990E-17
4957.82688766117  1.347436E-17
4959.94475138125  1.408242E-17
4962.06261510132  1.455876E-17
4964.1804788214  1.502595E-17
4966.29834254147  1.525358E-17
4968.41620626154  1.555988E-17
4970.53406998162  1.611455E-17
4972.65193370169  1.632142E-17
4974.76979742176  1.519677E-17
4976.88766114184  1.563994E-17
4979.00552486191  1.707383E-17
4981.12338858198  1.812872E-17
4983.24125230206  1.875870E-17
4985.35911602213  1.846784E-17
4987.4769797422  1.688364E-17
4989.59484346228  1.662004E-17
4991.71270718235  1.703990E-17
4993.83057090243  1.646105E-17
4995.9484346225  1.604355E-17
4998.06629834257  1.679927E-17
5000.18416206265  1.747706E-17
5002.30202578272  1.675621E-17
5004.4198895028  1.657664E-17
5006.53775322287  1.621037E-17
5008.65561694294  1.659632E-17
5010.77348066302  1.791379E-17
5012.89134438309  1.904364E-17
5015.00920810316  1.984090E-17
5017.12707182324  1.927825E-17
5019.24493554331  1.900704E-17
5021.36279926339  1.832765E-17
5023.48066298346  1.776388E-17
5025.59852670353  2.092341E-17
5027.71639042361  2.487724E-17
5029.83425414368  2.759773E-17
5031.95211786375  2.881951E-17
5034.06998158383  2.796492E-17
5036.1878453039  2.633525E-17
5038.30570902398  2.379981E-17
5040.42357274405  2.150274E-17
5042.54143646412  1.967146E-17
5044.6593001842  1.984635E-17
5046.77716390427  2.114951E-17
5048.89502762434  1.968934E-17
5051.01289134442  1.890958E-17
5053.13075506449  1.922222E-17
5055.24861878457  1.749170E-17
5057.36648250464  1.599927E-17
5059.48434622471  1.518702E-17
5061.60220994479  1.399626E-17
5063.72007366486  1.341570E-17
5065.83793738493  1.425654E-17
5067.95580110501  1.427336E-17
5070.07366482508  1.320697E-17
5072.19152854515  1.320204E-17
5074.30939226523  1.371119E-17
5076.4272559853  1.446415E-17
5078.54511970537  1.451802E-17
5080.66298342545  1.312922E-17
5082.78084714552  1.321431E-17
5084.8987108656  1.416395E-17
5087.01657458567  1.412272E-17
5089.13443830574  1.410373E-17
5091.25230202582  1.338121E-17
5093.37016574589  1.285975E-17
5095.48802946596  1.244214E-17
5097.60589318604  1.276714E-17
5099.72375690611  1.234926E-17
5101.84162062619  1.265688E-17
5103.95948434626  1.336800E-17
5106.07734806633  1.323568E-17
5108.19521178641  1.221788E-17
5110.31307550648  1.238808E-17
5112.43093922655  1.335834E-17
5114.54880294663  1.382936E-17
5116.6666666667  1.387290E-17
5118.78453038678  1.344054E-17
5120.90239410685  1.331455E-17
5123.02025782692  1.317553E-17
5125.138121547  1.342912E-17
5127.25598526707  1.277696E-17
5129.37384898714  1.212877E-17
5131.49171270722  1.247459E-17
5133.60957642729  1.343836E-17
5135.72744014737  1.341092E-17
5137.84530386744  1.345321E-17
5139.96316758751  1.256989E-17
5142.08103130759  1.227910E-17
5144.19889502766  1.326329E-17
5146.31675874773  1.345633E-17
5148.43462246781  1.292974E-17
5150.55248618788  1.311152E-17
5152.67034990796  1.329820E-17
5154.78821362803  1.308886E-17
5156.9060773481  1.292664E-17
5159.02394106818  1.336658E-17
5161.14180478825  1.340410E-17
5163.25966850832  1.311837E-17
5165.3775322284  1.337693E-17
5167.49539594847  1.328730E-17
5169.61325966854  1.273731E-17
5171.73112338862  1.306830E-17
5173.84898710869  1.272356E-17
5175.96685082877  1.233029E-17
5178.08471454884  1.339279E-17
5180.20257826891  1.353772E-17
5182.32044198899  1.424650E-17
5184.43830570906  1.444303E-17
5186.55616942913  1.418928E-17
5188.67403314921  1.324742E-17
5190.79189686928  1.289094E-17
5192.90976058936  1.235326E-17
5195.02762430943  1.114495E-17
5197.1454880295  1.066155E-17
5199.26335174958  1.107340E-17
5201.38121546965  1.198457E-17
5203.49907918972  1.262676E-17
5205.6169429098  1.297673E-17
5207.73480662987  1.295833E-17
5209.85267034994  1.199019E-17
5211.97053407002  1.125629E-17
5214.08839779009  1.177238E-17
5216.20626151017  1.252239E-17
5218.32412523024  1.320080E-17
5220.44198895031  1.312638E-17
5222.55985267039  1.254682E-17
5224.67771639046  1.229356E-17
5226.79558011053  1.327990E-17
5228.91344383061  1.403297E-17
5231.03130755068  1.345140E-17
5233.14917127076  1.267734E-17
5235.26703499083  1.325573E-17
5237.3848987109  1.323135E-17
5239.50276243098  1.261264E-17
5241.62062615105  1.220082E-17
5243.73848987112  1.294695E-17
5245.8563535912  1.315868E-17
5247.97421731127  1.363657E-17
5250.09208103135  1.316343E-17
5252.20994475142  1.253689E-17
5254.32780847149  1.355303E-17
5256.44567219157  1.417139E-17
5258.56353591164  1.422330E-17
5260.68139963171  1.431465E-17
5262.79926335179  1.516039E-17
5264.91712707186  1.505112E-17
5267.03499079194  1.476331E-17
5269.15285451201  1.428011E-17
5271.27071823208  1.381835E-17
5273.38858195216  1.311273E-17
5275.50644567223  1.370993E-17
5277.6243093923  1.361791E-17
5279.74217311238  1.310407E-17
5281.86003683245  1.396630E-17
5283.97790055253  1.379508E-17
5286.0957642726  1.344835E-17
5288.21362799267  1.414595E-17
5290.33149171275  1.355865E-17
5292.44935543282  1.199950E-17
5294.56721915289  1.257337E-17
5296.68508287297  1.347550E-17
5298.80294659304  1.367187E-17
5300.92081031311  1.382369E-17
5303.03867403319  1.396801E-17
5305.15653775326  1.390521E-17
5307.27440147333  1.294795E-17
5309.39226519341  1.333044E-17
5311.51012891348  1.436871E-17
5313.62799263356  1.447166E-17
5315.74585635363  1.471090E-17
5317.8637200737  1.373267E-17
5319.98158379378  1.354229E-17
5322.09944751385  1.429134E-17
5324.21731123393  1.390421E-17
5326.335174954  1.405018E-17
5328.45303867407  1.483728E-17
5330.57090239415  1.544538E-17
5332.68876611422  1.552833E-17
5334.80662983429  1.423741E-17
5336.92449355437  1.360232E-17
5339.04235727444  1.426627E-17
5341.16022099451  1.443297E-17
5343.27808471459  1.429792E-17
5345.39594843466  1.398991E-17
5347.51381215474  1.394918E-17
5349.63167587481  1.350060E-17
5351.74953959488  1.335816E-17
5353.86740331496  1.343439E-17
5355.98526703503  1.387350E-17
5358.1031307551  1.432531E-17
5360.22099447518  1.510979E-17
5362.33885819525  1.459315E-17
5364.45672191533  1.437907E-17
5366.5745856354  1.457410E-17
5368.69244935547  1.424851E-17
5370.81031307555  1.519191E-17
5372.92817679562  1.569400E-17
5375.04604051569  1.545415E-17
5377.16390423577  1.602831E-17
5379.28176795584  1.625516E-17
5381.39963167591  1.624203E-17
5383.51749539599  1.622453E-17
5385.63535911606  1.593647E-17
5387.75322283614  1.518030E-17
5389.87108655621  1.419134E-17
5391.98895027628  1.352167E-17
5394.10681399636  1.372377E-17
5396.22467771643  1.455068E-17
5398.3425414365  1.378850E-17
5400.46040515658  1.424755E-17
5402.57826887665  1.597157E-17
5404.69613259673  1.602235E-17
5406.8139963168  1.496990E-17
5408.93186003687  1.478722E-17
5411.04972375695  1.543598E-17
5413.16758747702  1.605985E-17
5415.2854511971  1.596900E-17
5417.40331491717  1.487022E-17
5419.52117863724  1.447332E-17
5421.63904235732  1.431546E-17
5423.75690607739  1.442744E-17
5425.87476979746  1.505424E-17
5427.99263351754  1.453395E-17
5430.11049723761  1.495769E-17
5432.22836095768  1.470648E-17
5434.34622467776  1.353943E-17
5436.46408839783  1.370495E-17
5438.58195211791  1.444426E-17
5440.69981583798  1.476407E-17
5442.81767955805  1.452865E-17
5444.93554327812  1.469293E-17
5447.0534069982  1.486275E-17
5449.17127071827  1.541908E-17
5451.28913443835  1.519922E-17
5453.40699815842  1.360966E-17
5455.52486187849  1.431593E-17
5457.64272559857  1.604856E-17
5459.76058931864  1.571608E-17
5461.87845303871  1.488388E-17
5463.99631675879  1.596750E-17
5466.11418047886  1.662946E-17
5468.23204419894  1.526102E-17
5470.34990791901  1.519279E-17
5472.46777163908  1.510992E-17
5474.58563535916  1.467660E-17
5476.70349907923  1.462543E-17
5478.8213627993  1.517577E-17
5480.93922651938  1.509168E-17
5483.05709023945  1.498099E-17
5485.17495395953  1.542474E-17
5487.2928176796  1.546364E-17
5489.41068139967  1.557893E-17
5491.52854511975  1.516614E-17
5493.64640883982  1.433685E-17
5495.76427255989  1.493387E-17
5497.88213627997  1.526319E-17
5500.00000000004  1.660701E-17
