4625.33105468751  19.21157
4626.16014846582  25.36409
4626.98924224413  23.55418
4627.81833602243  28.82628
4628.64742980074  28.98186
4629.47652357905  18.69728
4630.30561735735  7.955229
4631.13471113566  40.05953
4631.96380491396  34.17609
4632.79289869227  25.79147
4633.62199247058  25.83175
4634.45108624888  28.2241
4635.28018002719  24.21915
4636.10927380549  19.96414
4636.9383675838  26.581
4637.76746136211  30.81147
4638.59655514041  27.59637
4639.42564891872  26.76904
4640.25474269703  25.37683
4641.08383647533  24.57905
4641.91293025364  23.6599
4642.74202403194  23.24827
4643.57111781025  27.62641
4644.40021158856  28.62249
4645.22930536686  28.91425
4646.05839914517  28.00267
4646.88749292348  29.76987
4647.71658670178  31.27809
4648.54568048009  25.86211
4649.37477425839  25.97544
4650.2038680367  27.41074
4651.03296181501  25.06505
4651.86205559331  23.90187
4652.69114937162  21.44353
4653.52024314993  27.51724
4654.34933692823  27.66737
4655.17843070654  31.62539
4656.00752448484  26.27082
4656.83661826315  34.17542
4657.66571204146  25.928
4658.49480581976  26.24127
4659.32389959807  26.05201
4660.15299337637  23.34731
4660.98208715468  26.46811
4661.81118093299  25.16052
4662.64027471129  30.80052
4663.4693684896  32.31851
4664.2984622679  27.52377
4665.12755604621  26.56608
4665.95664982452  28.48685
4666.78574360282  24.9388
4667.61483738113  26.36327
4668.44393115944  23.08644
4669.27302493774  26.67369
4670.10211871605  27.20445
4670.93121249435  27.75652
4671.76030627266  31.19122
4672.58940005097  27.3071
4673.41849382927  28.84217
4674.24758760758  26.88193
4675.07668138588  24.64951
4675.90577516419  27.3085
4676.7348689425  22.20943
4677.5639627208  20.74876
4678.39305649911  26.82068
4679.22215027742  30.238
4680.05124405572  28.38775
4680.88033783403  25.92475
4681.70943161233  26.3878
4682.53852539064  29.04242
4683.36761916895  34.36515
4684.19671294725  31.29738
4685.02580672556  27.032
4685.85490050387  25.10318
4686.68399428217  31.08455
4687.51308806048  33.0942
4688.34218183878  34.3503
4689.17127561709  29.056
4690.0003693954  26.92607
4690.8294631737  27.53407
4691.65855695201  32.37388
4692.48765073031  28.66805
4693.31674450862  24.67398
4694.14583828693  29.28582
4694.97493206523  32.98412
4695.80402584354  32.73269
4696.63311962185  29.15063
4697.46221340015  27.39147
4698.29130717846  32.64827
4699.12040095676  32.12016
4699.94949473507  32.25579
4700.77858851337  33.60855
4701.60768229168  27.20514
4702.43677606999  28.19338
4703.26586984829  27.53139
4704.0949636266  30.2576
4704.92405740491  26.04624
4705.75315118321  28.90037
4706.58224496152  29.17973
4707.41133873982  30.16356
4708.24043251813  29.43703
4709.06952629644  27.78111
4709.89862007474  30.60695
4710.72771385305  27.11634
4711.55680763136  29.609
4712.38590140966  32.73379
4713.21499518797  32.23439
4714.04408896627  32.62498
4714.87318274458  31.36449
4715.70227652289  28.28233
4716.53137030119  29.60335
4717.3604640795  30.68727
4718.1895578578  33.68481
4719.01865163611  34.09396
4719.84774541442  34.11587
4720.67683919272  32.20485
4721.50593297103  29.23411
4722.33502674934  28.03986
4723.16412052764  27.17363
4723.99321430595  32.03237
4724.82230808425  30.3117
4725.65140186256  26.28983
4726.48049564087  29.41872
4727.30958941917  27.31081
4728.13868319748  28.24989
4728.96777697579  30.0269
4729.79687075409  32.00564
4730.6259645324  34.31798
4731.4550583107  30.56599
4732.28415208901  30.25503
4733.11324586732  30.89596
4733.94233964562  30.95081
4734.77143342393  29.66581
4735.60052720224  29.66001
4736.42962098054  33.82129
4737.25871475885  30.72343
4738.08780853715  24.4563
4738.91690231546  33.01735
4739.74599609376  30.51381
4740.57508987207  30.38244
4741.40418365038  29.39209
4742.23327742868  29.00538
4743.06237120699  27.9096
4743.8914649853  29.91905
4744.7205587636  32.94938
4745.54965254191  27.96448
4746.37874632021  30.3173
4747.20784009852  28.63829
4748.03693387683  31.82835
4748.86602765513  28.66422
4749.69512143344  30.01859
4750.52421521175  24.40126
4751.35330899005  26.25995
4752.18240276836  31.65193
4753.01149654666  36.20565
4753.84059032497  32.75975
4754.66968410328  31.10416
4755.49877788158  27.69256
4756.32787165989  31.97835
4757.15696543819  31.72952
4757.9860592165  33.23506
4758.81515299481  30.48203
4759.64424677311  29.07245
4760.47334055142  32.7823
4761.30243432973  33.00017
4762.13152810803  30.16087
4762.96062188634  36.17242
4763.78971566464  29.99995
4764.61880944295  29.13801
4765.44790322126  33.31369
4766.27699699956  30.44315
4767.10609077787  28.13054
4767.93518455618  31.23797
4768.76427833448  29.73277
4769.59337211279  29.43579
4770.42246589109  29.24783
4771.2515596694  27.83407
4772.08065344771  31.31164
4772.90974722601  33.8318
4773.73884100432  30.73268
4774.56793478262  27.94446
4775.39702856093  34.17401
4776.22612233924  34.64141
4777.05521611754  32.89584
4777.88430989585  30.36359
4778.71340367415  28.42058
4779.54249745246  33.1786
4780.37159123077  32.15027
4781.20068500907  22.49357
4782.02977878738  24.52402
4782.85887256569  28.10013
4783.68796634399  30.83265
4784.5170601223  32.57534
4785.3461539006  31.36801
4786.17524767891  28.66881
4787.00434145722  30.25471
4787.83343523552  30.98314
4788.66252901383  25.429
4789.49162279214  28.11771
4790.32071657044  25.57712
4791.14981034875  30.05135
4791.97890412705  35.52225
4792.80799790536  32.35987
4793.63709168367  33.06763
4794.46618546197  30.81005
4795.29527924028  33.82237
4796.12437301858  33.58002
4796.95346679689  35.9703
4797.7825605752  33.09638
4798.6116543535  29.07863
4799.44074813181  24.41873
4800.26984191012  26.36836
4801.09893568842  30.6977
4801.92802946673  31.57942
4802.75712324503  27.80168
4803.58621702334  29.15432
4804.41531080165  28.26314
4805.24440457995  34.5084
4806.07349835826  32.94724
4806.90259213656  29.77087
4807.73168591487  30.87873
4808.56077969318  25.71208
4809.38987347148  31.79182
4810.21896724979  29.98233
4811.0480610281  27.30493
4811.8771548064  32.63313
4812.70624858471  27.62367
4813.53534236301  25.74986
4814.36443614132  28.90116
4815.19352991963  27.24745
4816.02262369793  32.35609
4816.85171747624  36.78831
4817.68081125455  36.07761
4818.50990503285  31.64535
4819.33899881116  35.32354
4820.16809258946  33.29353
4820.99718636777  32.66763
4821.82628014607  30.02844
4822.65537392438  30.91088
4823.48446770269  31.29365
4824.31356148099  30.64304
4825.1426552593  28.38399
4825.97174903761  30.30635
4826.80084281591  29.59597
4827.62993659422  32.70741
4828.45903037252  33.37778
4829.28812415083  30.08172
4830.11721792914  37.91859
4830.94631170744  34.5869
4831.77540548575  32.51497
4832.60449926406  35.42741
4833.43359304236  31.27287
4834.26268682067  30.50086
4835.09178059897  24.99565
4835.92087437728  27.69512
4836.74996815559  30.92871
4837.57906193389  30.3131
4838.4081557122  33.87897
4839.2372494905  30.63731
4840.06634326881  32.03468
4840.89543704712  31.54095
4841.72453082542  33.82142
4842.55362460373  40.6282
4843.38271838204  35.57301
4844.21181216034  32.78579
4845.04090593865  34.30214
4845.86999971696  31.81032
4846.69909349526  30.7338
4847.52818727357  29.54865
4848.35728105187  27.64502
4849.18637483018  32.06776
4850.01546860849  32.34068
4850.84456238679  29.53641
4851.6736561651  36.18007
4852.5027499434  29.31646
4853.33184372171  31.67648
4854.16093750002  30.13352
4854.99003127832  35.45936
4855.81912505663  32.17198
4856.64821883493  28.2428
4857.47731261324  28.42444
4858.30640639155  31.19691
4859.13550016985  39.15134
4859.96459394816  34.05318
4860.79368772647  28.23638
4861.62278150477  29.03337
4862.45187528308  32.36023
4863.28096906138  30.14237
4864.11006283969  33.47921
4864.939156618  34.91929
4865.7682503963  30.90154
4866.59734417461  29.8729
4867.42643795291  32.19277
4868.25553173122  30.36791
4869.08462550953  33.50552
4869.91371928783  34.85881
4870.74281306614  36.4154
4871.57190684445  31.95482
4872.40100062275  36.25042
4873.23009440106  29.70251
4874.05918817936  31.60241
4874.88828195767  33.89068
4875.71737573598  33.17233
4876.54646951428  34.36952
4877.37556329259  31.21402
4878.20465707089  31.88798
4879.0337508492  24.84693
4879.86284462751  31.45643
4880.69193840581  33.85113
4881.52103218412  34.12843
4882.35012596243  30.95713
4883.17921974073  27.453
4884.00831351904  17.91332
4884.83740729734  26.06748
4885.66650107565  27.35293
4886.49559485396  26.41476
4887.32468863226  28.05597
4888.15378241057  32.71098
4888.98287618887  36.07245
4889.81196996718  34.99359
4890.64106374549  35.65234
4891.47015752379  31.76986
4892.2992513021  33.08128
4893.12834508041  34.35821
4893.95743885871  30.7609
4894.78653263702  32.15646
4895.61562641532  32.83405
4896.44472019363  33.39619
4897.27381397194  29.35884
4898.10290775024  32.48506
4898.93200152855  28.01988
4899.76109530685  31.45876
4900.59018908516  30.82421
4901.41928286347  31.30731
4902.24837664177  28.2011
4903.07747042008  32.29387
4903.90656419838  31.70227
4904.73565797669  31.94782
4905.564751755  32.65189
4906.3938455333  29.02963
4907.22293931161  27.62985
4908.05203308992  31.67767
4908.88112686822  33.44544
4909.71022064653  33.11644
4910.53931442483  32.47278
4911.36840820314  33.49619
4912.19750198145  37.47404
4913.02659575975  35.75229
4913.85568953806  30.45292
4914.68478331637  30.39823
4915.51387709467  30.65421
4916.34297087298  32.98159
4917.17206465128  39.97642
4918.00115842959  37.48751
4918.8302522079  34.81656
4919.6593459862  38.73637
4920.48843976451  42.45281
4921.31753354281  33.66579
4922.14662732112  36.01343
4922.97572109943  41.40733
4923.80481487773  38.40731
4924.63390865604  33.22853
4925.46300243435  31.65988
4926.29209621265  37.47219
4927.12118999096  32.55639
4927.95028376927  36.25356
4928.77937754757  34.49829
4929.60847132588  38.74666
4930.43756510418  35.84171
4931.26665888249  34.63313
4932.0957526608  35.95289
4932.9248464391  37.17888
4933.75394021741  33.78334
4934.58303399571  33.06705
4935.41212777402  32.64703
4936.24122155233  25.52638
4937.07031533063  30.04601
4937.89940910894  33.04972
4938.72850288724  37.85894
4939.55759666555  36.77596
4940.38669044386  39.04834
4941.21578422216  34.67372
4942.04487800047  32.54792
4942.87397177878  33.5749
4943.70306555708  30.5893
4944.53215933539  33.10141
4945.36125311369  31.32214
4946.190346892  29.06143
4947.01944067031  36.89482
4947.84853444861  38.81491
4948.67762822692  35.14502
4949.50672200522  33.64611
4950.33581578353  34.94526
4951.16490956184  40.07512
4951.99400334014  42.613
4952.82309711845  41.60399
4953.65219089676  36.05957
4954.48128467506  33.5939
4955.31037845337  36.88355
4956.13947223167  37.17522
4956.96856600998  36.9994
4957.79765978829  40.16776
4958.62675356659  39.24068
4959.4558473449  31.66168
4960.2849411232  32.77047
4961.11403490151  35.87342
4961.94312867982  33.2134
4962.77222245812  33.86153
4963.60131623643  35.87381
4964.43041001474  36.62984
4965.25950379304  31.13364
4966.08859757135  37.08216
4966.91769134965  38.77169
4967.74678512796  37.85473
4968.57587890627  39.87666
4969.40497268457  47.00519
4970.23406646288  41.41228
4971.06316024118  38.22596
4971.89225401949  42.38012
4972.7213477978  39.94106
4973.5504415761  37.14817
4974.37953535441  44.93818
4975.20862913272  45.77296
4976.03772291102  39.39651
4976.86681668933  40.76348
4977.69591046763  39.35295
4978.52500424594  39.8559
4979.35409802425  41.99222
4980.18319180255  49.42577
4981.01228558086  51.22742
4981.84137935916  48.4058
4982.67047313747  49.91058
4983.49956691578  47.81802
4984.32866069408  44.61074
4985.15775447239  42.84982
4985.9868482507  47.28512
4986.815942029  45.13491
4987.64503580731  45.86639
4988.47412958561  37.85181
4989.30322336392  36.11256
4990.13231714223  38.28008
4990.96141092053  38.58108
4991.79050469884  40.36914
4992.61959847714  44.51064
4993.44869225545  41.11104
4994.27778603376  39.54218
4995.10687981206  34.29213
4995.93597359037  37.16667
4996.76506736868  43.04658
4997.59416114698  44.25707
4998.42325492529  43.27493
4999.25234870359  43.63466
5000.0814424819  42.29797
5000.91053626021  44.27435
5001.73963003851  40.63301
5002.56872381682  38.58525
5003.39781759512  39.62789
5004.22691137343  42.47951
5005.05600515174  40.80021
5005.88509893004  37.66922
5006.71419270835  37.67367
5007.54328648666  35.84782
5008.37238026496  36.28487
5009.20147404327  41.53939
5010.03056782158  43.08583
5010.85966159988  41.16123
5011.68875537819  38.51659
5012.51784915649  40.10754
5013.3469429348  41.21764
5014.17603671311  40.07772
5015.00513049141  37.31208
5015.83422426972  34.80784
5016.66331804802  32.87788
5017.49241182633  36.58427
5018.32150560464  45.96124
5019.15059938294  47.67878
5019.97969316125  41.96166
5020.80878693956  40.36834
5021.63788071786  40.72926
5022.46697449617  43.06116
5023.29606827447  45.55864
5024.12516205278  46.69298
5024.95425583109  41.26576
5025.78334960939  40.70301
5026.6124433877  53.96323
5027.441537166  60.32669
5028.27063094431  59.16665
5029.09972472262  67.85925
5029.92881850092  86.39261
5030.75791227923  76.11714
5031.58700605753  72.35231
5032.41609983584  59.92329
5033.24519361415  59.42459
5034.07428739245  52.4987
5034.90338117076  47.59853
5035.73247494907  41.05593
5036.56156872737  45.26608
5037.39066250568  44.49879
5038.21975628398  40.34644
5039.04885006229  41.15613
5039.8779438406  46.7972
5040.7070376189  48.24483
5041.53613139721  45.74642
5042.36522517551  45.76994
5043.19431895382  49.09512
5044.02341273213  54.13726
5044.85250651043  48.06987
5045.68160028874  47.71408
5046.51069406705  49.46477
5047.33978784535  48.56912
5048.16888162366  50.39301
5048.99797540196  45.9769
5049.82706918027  44.33941
5050.65616295858  45.07363
5051.48525673688  42.86338
5052.31435051519  43.68427
5053.1434442935  40.80215
5053.9725380718  42.04593
5054.80163185011  43.25523
5055.63072562841  44.83698
5056.45981940672  41.0971
5057.28891318503  40.89343
5058.11800696333  40.41981
5058.94710074164  35.86031
5059.77619451994  36.87422
5060.60528829825  37.51285
5061.43438207656  37.22914
5062.26347585486  36.30785
5063.09256963317  37.18758
5063.92166341148  35.48852
5064.75075718978  32.84192
5065.57985096809  31.16046
5066.40894474639  36.73037
5067.2380385247  38.05661
5068.06713230301  35.38921
5068.89622608131  34.67399
5069.72531985962  39.13722
5070.55441363792  37.96675
5071.38350741623  34.76722
5072.21260119454  32.71492
5073.04169497284  33.68257
5073.87078875115  35.35059
5074.69988252945  35.40446
5075.52897630776  35.13313
5076.35807008607  38.06971
5077.18716386437  36.89319
5078.01625764268  39.11396
5078.84535142099  41.01206
5079.67444519929  37.94391
5080.5035389776  34.81945
5081.3326327559  36.66796
5082.16172653421  35.67548
5082.99082031252  36.78921
5083.81991409082  34.76077
5084.64900786913  35.0365
5085.47810164744  38.31759
5086.30719542574  40.55661
5087.13628920405  40.48876
5087.96538298235  36.98465
5088.79447676066  37.49574
5089.62357053897  39.02382
5090.45266431727  38.54399
5091.28175809558  40.70811
5092.11085187389  37.36868
5092.93994565219  34.54313
5093.7690394305  37.8157
5094.5981332088  32.65277
5095.42722698711  38.88068
5096.25632076541  40.56743
5097.08541454372  35.26583
5097.91450832203  36.95184
5098.74360210033  37.03235
5099.57269587864  32.30177
5100.40178965695  33.75006
5101.23088343525  37.56324
5102.05997721356  31.24739
5102.88907099186  33.96011
5103.71816477017  34.94147
5104.54725854848  37.63876
5105.37635232678  39.35429
5106.20544610509  32.7448
5107.0345398834  32.66337
5107.8636336617  32.65209
5108.69272744001  38.28793
5109.52182121831  36.64679
5110.35091499662  39.02493
5111.18000877493  36.45668
5112.00910255323  36.29459
5112.83819633154  38.90416
5113.66729010985  40.13702
5114.49638388815  37.12199
5115.32547766646  36.44141
5116.15457144476  40.20144
5116.98366522307  36.6392
5117.81275900138  35.58182
5118.64185277968  38.31408
5119.47094655799  38.44484
5120.30004033629  35.42856
5121.1291341146  37.87928
5121.95822789291  36.70444
5122.78732167121  34.15509
5123.61641544952  37.9766
5124.44550922782  34.79604
5125.27460300613  37.01912
5126.10369678444  36.80635
5126.93279056274  32.18568
5127.76188434105  36.61668
5128.59097811936  35.35509
5129.42007189766  35.29805
5130.24916567597  32.76875
5131.07825945428  38.15949
5131.90735323258  38.3237
5132.73644701089  38.88591
5133.56554078919  39.33494
5134.3946345675  36.84523
5135.22372834581  33.77877
5136.05282212411  37.59848
5136.88191590242  38.38091
5137.71100968072  37.72256
5138.54010345903  39.29542
5139.36919723734  37.35229
5140.19829101564  40.16906
5141.02738479395  39.43187
5141.85647857225  40.55944
5142.68557235056  40.41305
5143.51466612887  42.57499
5144.34375990717  37.42972
5145.17285368548  33.87422
5146.00194746379  36.26421
5146.83104124209  31.88077
5147.6601350204  34.02908
5148.4892287987  39.65361
5149.31832257701  37.19389
5150.14741635532  33.87149
5150.97651013362  35.82253
5151.80560391193  39.35717
5152.63469769024  35.8046
5153.46379146854  38.9903
5154.29288524685  37.03802
5155.12197902515  37.92503
5155.95107280346  39.93879
5156.78016658177  38.94405
5157.60926036007  42.56402
5158.43835413838  43.59289
5159.26744791669  35.69363
5160.09654169499  38.11535
5160.9256354733  43.16129
5161.7547292516  41.42501
5162.58382302991  37.7113
5163.41291680821  38.30201
5164.24201058652  36.07616
5165.07110436483  34.80812
5165.90019814313  36.97566
5166.72929192144  32.61592
5167.55838569975  34.4875
5168.38747947805  34.70755
5169.21657325636  33.44352
5170.04566703466  35.00261
5170.87476081297  38.90253
5171.70385459128  35.40169
5172.53294836958  32.29868
5173.36204214789  39.30333
5174.19113592619  41.10263
5175.0202297045  35.97395
5175.84932348281  36.99834
5176.67841726111  33.98442
5177.50751103942  33.58213
5178.33660481773  34.41604
5179.16569859603  39.69512
5179.99479237434  39.49311
5180.82388615264  40.40737
5181.65297993095  36.95059
5182.48207370926  41.6221
5183.31116748756  38.77822
5184.14026126587  38.97224
5184.96935504418  40.67976
5185.79844882248  37.50961
5186.62754260079  41.3241
5187.45663637909  42.21069
5188.2857301574  37.91472
5189.11482393571  37.19804
5189.94391771401  35.09242
5190.77301149232  33.64759
5191.60210527062  31.72758
5192.43119904893  28.95709
5193.26029282724  31.92216
5194.08938660554  36.15519
5194.91848038385  37.46326
5195.74757416215  28.84811
5196.57666794046  29.4528
5197.40576171877  32.17287
5198.23485549707  33.70845
5199.06394927538  37.11789
5199.89304305369  38.43347
5200.72213683199  38.98903
5201.5512306103  41.63801
5202.3803243886  36.5996
5203.20941816691  35.91043
5204.03851194522  39.31909
5204.86760572352  36.78142
5205.69669950183  38.6526
5206.52579328014  30.61838
5207.35488705844  29.22496
5208.18398083675  34.68196
5209.01307461505  35.31545
5209.84216839336  31.00059
5210.67126217167  29.38064
5211.50035594997  40.24423
5212.32944972828  44.44464
5213.15854350658  43.15676
5213.98763728489  43.24429
5214.8167310632  42.27882
5215.6458248415  35.45879
5216.47491861981  30.41016
5217.30401239812  37.94255
5218.13310617642  35.53966
5218.96219995473  34.27172
5219.79129373303  37.50273
5220.62038751134  34.98679
5221.44948128965  34.34694
5222.27857506795  36.45834
5223.10766884626  39.83839
5223.93676262457  39.37436
5224.76585640287  39.72232
5225.59495018118  39.24197
5226.42404395948  44.43081
5227.25313773779  42.19066
5228.0822315161  39.5137
5228.9113252944  37.50154
5229.74041907271  39.00973
5230.56951285101  35.17432
5231.39860662932  34.91905
5232.22770040763  37.47437
5233.05679418593  36.84436
5233.88588796424  37.70679
5234.71498174254  37.49926
5235.54407552085  39.05751
5236.37316929916  32.22445
5237.20226307746  34.8308
5238.03135685577  36.78505
5238.86045063408  39.26367
5239.68954441238  37.50677
5240.51863819069  37.65264
5241.34773196899  39.39439
5242.1768257473  43.56649
5243.00591952561  40.4128
5243.83501330391  37.82988
5244.66410708222  36.18973
5245.49320086053  40.96881
5246.32229463883  43.05278
5247.15138841714  38.97895
5247.98048219544  44.57309
5248.80957597375  43.69609
5249.63866975206  35.85099
5250.46776353036  37.21011
5251.29685730867  31.74578
5252.12595108697  32.99128
5252.95504486528  36.76936
5253.78413864359  40.36112
5254.61323242189  36.24092
5255.4423262002  35.76908
5256.27141997851  42.54
5257.10051375681  37.29998
5257.92960753512  38.37278
5258.75870131342  38.50911
5259.58779509173  38.88929
5260.41688887003  38.20343
5261.24598264834  41.47994
5262.07507642665  40.65175
5262.90417020495  45.4055
5263.73326398326  46.13503
5264.56235776157  41.44928
5265.39145153987  41.62839
5266.22054531818  40.64006
5267.04963909648  38.6916
5267.87873287479  43.75778
5268.7078266531  48.59633
5269.5369204314  45.35562
5270.36601420971  32.94503
5271.19510798802  37.06565
5272.02420176632  40.80358
5272.85329554463  37.31329
5273.68238932293  39.75264
5274.51148310124  40.46429
5275.34057687955  38.07769
5276.16967065785  36.85744
5276.99876443616  39.85225
5277.82785821447  37.33588
5278.65695199277  38.10388
5279.48604577108  37.95245
5280.31513954938  37.57029
5281.14423332769  40.10965
5281.973327106  41.52346
5282.8024208843  40.49825
5283.63151466261  40.73218
5284.46060844092  39.42179
5285.28970221922  36.2156
5286.11879599753  38.52262
5286.94788977583  36.27818
5287.77698355414  41.8404
5288.60607733244  40.73602
5289.43517111075  35.84564
5290.26426488906  37.14952
5291.09335866736  32.27883
5291.92245244567  38.39927
5292.75154622398  37.77951
5293.58064000228  32.93199
5294.40973378059  36.11491
5295.2388275589  40.19875
5296.0679213372  39.26741
5296.89701511551  39.77524
5297.72610889381  39.0168
5298.55520267212  38.19639
5299.38429645043  37.92593
5300.21339022873  42.40165
5301.04248400704  44.9907
5301.87157778534  40.8732
5302.70067156365  41.82779
5303.52976534196  42.98456
5304.35885912026  43.76011
5305.18795289857  41.70964
5306.01704667687  38.98727
5306.84614045518  43.80037
5307.67523423349  44.46261
5308.50432801179  46.67352
5309.3334217901  45.63171
5310.16251556841  49.96966
5310.99160934671  43.91968
5311.82070312502  39.97755
5312.64979690332  41.40311
5313.47889068163  42.90332
5314.30798445994  42.17422
5315.13707823824  45.34251
5315.96617201655  44.13327
5316.79526579486  42.87334
5317.62435957316  39.80584
5318.45345335147  39.55035
5319.28254712977  40.05902
5320.11164090808  43.89958
5320.94073468639  44.64269
5321.76982846469  37.74612
5322.598922243  42.25451
5323.4280160213  40.79994
5324.25710979961  39.61462
5325.08620357792  42.64157
5325.91529735622  40.08102
5326.74439113453  41.10015
5327.57348491283  41.45002
5328.40257869114  42.2482
5329.23167246945  43.78448
5330.06076624775  43.28779
5330.88986002606  41.1946
5331.71895380437  43.7797
5332.54804758267  42.61899
5333.37714136098  42.01228
5334.20623513928  37.76943
5335.03532891759  41.30126
5335.8644226959  45.81122
5336.6935164742  44.34477
5337.52261025251  45.47522
5338.35170403082  44.37366
5339.18079780912  42.46601
5340.00989158743  41.06795
5340.83898536573  40.97679
5341.66807914404  38.80259
5342.49717292235  34.76824
5343.32626670065  39.34818
5344.15536047896  44.97921
5344.98445425726  42.96045
5345.81354803557  40.18932
5346.64264181388  37.42568
5347.47173559218  39.19495
5348.30082937049  35.53618
5349.1299231488  36.76411
5349.9590169271  42.76789
5350.78811070541  45.21777
5351.61720448371  45.52922
5352.44629826202  41.11919
5353.27539204033  38.2422
5354.10448581863  36.17155
5354.93357959694  40.03131
5355.76267337524  42.31047
5356.59176715355  40.35874
5357.42086093186  47.24508
5358.24995471016  44.87283
5359.07904848847  46.66698
5359.90814226677  41.49216
5360.73723604508  39.64498
5361.56632982339  42.8798
5362.39542360169  46.74883
5363.22451738  43.28493
5364.05361115831  43.71023
5364.88270493661  42.46301
5365.71179871492  44.26142
5366.54089249322  42.74464
5367.36998627153  49.05218
5368.19908004984  41.63308
5369.02817382814  37.86812
5369.85726760645  44.48879
5370.68636138475  40.08691
5371.51545516306  38.28703
5372.34454894137  40.30153
5373.17364271967  35.99739
5374.00273649798  39.48002
5374.83183027629  43.07496
5375.66092405459  40.81221
5376.4900178329  39.55836
5377.3191116112  44.40385
5378.14820538951  42.49502
5378.97729916782  43.20079
5379.80639294612  46.48098
5380.63548672443  42.91883
5381.46458050274  41.12667
5382.29367428104  44.11059
5383.12276805935  47.37472
5383.95186183765  45.77768
5384.78095561596  47.57982
5385.61004939427  45.01229
5386.43914317257  39.55148
5387.26823695088  40.58265
5388.09733072919  42.53427
5388.92642450749  43.19652
5389.7555182858  42.55751
5390.5846120641  39.27457
5391.41370584241  39.92173
5392.24279962072  40.58204
5393.07189339902  43.39924
5393.90098717733  44.39969
5394.73008095563  46.58453
5395.55917473394  40.4081
5396.38826851225  40.52669
5397.21736229055  41.98276
5398.04645606886  44.17974
5398.87554984716  47.70777
5399.70464362547  44.82837
5400.53373740378  40.35582
5401.36283118208  44.1202
5402.19192496039  39.40748
5403.0210187387  41.63371
5403.850112517  43.20684
5404.67920629531  46.36948
5405.50830007361  46.15305
5406.33739385192  42.23364
5407.16648763023  43.55196
5407.99558140853  39.67623
5408.82467518684  40.31794
5409.65376896515  41.23021
5410.48286274345  42.40279
5411.31195652176  42.80537
5412.14105030006  45.51109
5412.97014407837  43.42065
5413.79923785668  42.83504
5414.62833163498  41.61036
5415.45742541329  46.08268
5416.28651919159  42.29261
5417.1156129699  39.37669
5417.94470674821  41.95172
5418.77380052651  33.8206
5419.60289430482  43.53743
5420.43198808313  40.94727
5421.26108186143  38.9676
5422.09017563974  35.27139
5422.91926941804  39.23013
5423.74836319635  41.22878
5424.57745697466  43.76716
5425.40655075296  42.23492
5426.23564453127  40.37758
5427.06473830957  36.81097
5427.89383208788  39.02849
5428.72292586619  41.6071
5429.55201964449  40.71205
5430.3811134228  40.72993
5431.21020720111  39.17217
5432.03930097941  40.58879
5432.86839475772  39.98648
5433.69748853602  45.13272
5434.52658231433  40.83212
5435.35567609264  40.57256
5436.18476987094  40.56164
5437.01386364925  40.57836
5437.84295742755  44.05178
5438.67205120586  42.48581
5439.50114498417  38.97778
5440.33023876247  41.00643
5441.15933254078  43.3185
5441.98842631909  39.98745
5442.81752009739  40.03609
5443.6466138757  39.11767
5444.475707654  39.6138
5445.30480143231  38.46634
5446.13389521062  38.54996
5446.96298898892  42.27708
5447.79208276723  44.49512
5448.62117654553  41.31656
5449.45027032384  36.90327
5450.27936410215  38.90488
5451.10845788045  36.10121
5451.93755165876  38.13602
5452.76664543706  40.07999
5453.59573921537  43.08896
5454.42483299368  39.70511
5455.25392677198  39.51176
5456.08302055029  39.70375
5456.9121143286  39.34286
5457.7412081069  41.74588
5458.57030188521  46.19098
5459.39939566352  43.20123
5460.22848944182  43.09111
5461.05758322013  37.85672
5461.88667699843  40.86236
5462.71577077674  46.91416
5463.54486455505  46.06765
5464.37395833335  43.92152
5465.20305211166  45.58947
5466.03214588996  46.8231
5466.86123966827  44.64559
5467.69033344658  44.37872
5468.51942722488  37.84517
5469.34852100319  32.99004
5470.17761478149  46.20177
5471.0067085598  43.76378
5471.83580233811  39.74726
5472.66489611641  39.23579
5473.49398989472  37.14997
5474.32308367303  44.88559
5475.15217745133  43.34655
5475.98127122964  45.17556
5476.81036500794  44.50689
5477.63945878625  47.31322
5478.46855256456  42.05069
5479.29764634286  39.82586
5480.12674012117  37.55213
5480.95583389948  38.64505
5481.78492767778  38.66846
5482.61402145609  45.12125
5483.44311523439  38.15115
5484.2722090127  42.4693
5485.10130279101  43.03057
5485.93039656931  47.26789
5486.75949034762  47.21984
5487.58858412592  42.02905
5488.41767790423  41.34863
5489.24677168254  41.43341
5490.07586546084  41.9867
5490.90495923915  42.34917
5491.73405301745  42.28222
5492.56314679576  44.95179
5493.39224057407  45.19885
5494.22133435237  44.01279
5495.05042813068  44.76185
5495.87952190899  49.34988
5496.70861568729  47.45384
5497.5377094656  43.24696
5498.3668032439  39.09408
5499.19589702221  36.94128
5500.02499080052  36.95947
5500.85408457882  40.42094
5501.68317835713  42.2114
5502.51227213544  41.80651
5503.34136591374  40.77195
5504.17045969205  39.66045
5504.99955347035  39.59393
5505.82864724866  40.36629
5506.65774102697  37.87989
5507.48683480527  40.07916
5508.31592858358  40.55116
5509.14502236188  44.13493
5509.97411614019  41.29481
5510.8032099185  45.48467
5511.6323036968  43.07648
5512.46139747511  41.02031
5513.29049125342  40.73363
5514.11958503172  40.83342
5514.94867881003  44.82048
5515.77777258833  38.75555
5516.60686636664  43.13326
5517.43596014495  41.54719
5518.26505392325  40.33317
5519.09414770156  38.97483
5519.92324147986  42.76862
5520.75233525817  45.51262
5521.58142903648  46.40083
5522.41052281478  46.24335
5523.23961659309  43.27078
5524.0687103714  42.12626
5524.8978041497  42.40918
5525.72689792801  39.29646
5526.55599170631  39.9668
5527.38508548462  43.35941
5528.21417926293  41.23978
5529.04327304123  38.31295
5529.87236681954  43.54919
5530.70146059784  42.82219
5531.53055437615  37.5732
5532.35964815446  39.90652
5533.18874193276  40.98999
5534.01783571107  43.0481
5534.84692948937  42.02789
5535.67602326768  43.31209
5536.50511704599  44.55869
5537.33421082429  43.72495
5538.1633046026  37.96661
5538.99239838091  41.00859
5539.82149215921  43.3283
5540.65058593752  43.35957
5541.47967971582  44.50732
5542.30877349413  41.09867
5543.13786727244  41.28286
5543.96696105074  43.94482
5544.79605482905  43.90146
5545.62514860736  44.40733
5546.45424238566  42.98594
5547.28333616397  39.26805
5548.11242994227  42.83654
5548.94152372058  45.03458
5549.77061749889  45.43551
5550.59971127719  45.86736
5551.4288050555  40.27331
5552.25789883381  41.06081
5553.08699261211  38.16611
5553.91608639042  38.80489
5554.74518016872  39.05321
5555.57427394703  41.73619
5556.40336772534  40.89195
5557.23246150364  44.31166
5558.06155528195  44.22802
5558.89064906025  42.78782
5559.71974283856  40.20911
5560.54883661687  45.57047
5561.37793039517  36.5696
5562.20702417348  42.96307
5563.03611795179  48.53748
5563.86521173009  47.5713
5564.6943055084  42.01221
5565.5233992867  41.02958
5566.35249306501  40.68718
5567.18158684331  47.15757
5568.01068062162  48.96267
5568.83977439993  43.47156
5569.66886817823  43.45816
5570.49796195654  40.178
5571.32705573485  39.30997
5572.15614951315  39.93161
5572.98524329146  43.1564
5573.81433706977  42.90532
5574.64343084807  64.28107
5575.47252462638  85.57704
5576.30161840468  103.244
5577.13071218299  78.14015
5577.9598059613  10.53455
5578.7888997396  8.976587
5579.61799351791  32.28125
5580.44708729621  44.83245
5581.27618107452  42.83298
5582.10527485283  47.18361
5582.93436863113  46.5657
5583.76346240944  45.48669
5584.59255618775  48.07526
5585.42164996605  46.56425
5586.25074374436  43.48366
5587.07983752266  45.17178
5587.90893130097  41.19773
5588.73802507928  45.61031
5589.56711885758  44.20487
5590.39621263589  47.69962
5591.22530641419  44.78014
5592.0544001925  41.33068
5592.88349397081  47.21326
5593.71258774911  47.01591
5594.54168152742  42.48187
5595.37077530573  44.21411
5596.19986908403  43.68958
5597.02896286234  45.39725
5597.85805664064  40.6145
5598.68715041895  39.57166
5599.51624419726  38.2896
5600.34533797556  34.53965
5601.17443175387  42.71144
5602.00352553218  44.41947
5602.83261931048  46.21716
5603.66171308879  45.69519
5604.49080686709  41.60992
5605.3199006454  35.4554
5606.1489944237  36.92328
5606.97808820201  42.56538
5607.80718198032  43.0017
5608.63627575862  40.84878
5609.46536953693  43.77465
5610.29446331524  40.34675
5611.12355709354  43.50349
5611.95265087185  44.1715
5612.78174465015  44.6027
5613.61083842846  39.73419
5614.43993220677  38.73495
5615.26902598507  41.75188
5616.09811976338  41.57878
5616.92721354169  42.65894
5617.75630731999  39.64197
5618.5854010983  44.339
5619.4144948766  46.36395
5620.24358865491  42.24192
5621.07268243322  39.65466
5621.90177621152  43.67186
5622.73086998983  40.33602
5623.55996376813  43.60894
5624.38905754644  37.21637
5625.21815132475  38.53352
5626.04724510305  40.42847
5626.87633888136  37.68618
5627.70543265967  36.42891
5628.53452643797  38.61213
5629.36362021628  41.30114
5630.19271399458  41.70211
5631.02180777289  44.11132
5631.8509015512  41.62881
5632.6799953295  40.30471
5633.50908910781  40.70387
5634.33818288612  36.30252
5635.16727666442  39.06533
5635.99637044273  40.18751
5636.82546422103  44.0027
5637.65455799934  42.45121
5638.48365177765  43.06064
5639.31274555595  42.2732
5640.14183933426  39.48335
5640.97093311257  40.23213
5641.80002689087  39.14742
5642.62912066918  34.06236
5643.45821444748  40.26273
5644.28730822579  41.89598
5645.11640200409  36.82555
5645.9454957824  38.76929
5646.77458956071  39.48056
5647.60368333901  39.35417
5648.43277711732  40.88677
5649.26187089563  43.51821
5650.09096467393  39.33509
5650.92005845224  37.46112
5651.74915223054  42.10439
5652.57824600885  41.38655
5653.40733978716  42.56548
5654.23643356546  39.27649
5655.06552734377  40.04255
5655.89462112208  38.82033
5656.72371490038  43.1279
5657.55280867869  41.56108
5658.38190245699  41.17027
5659.2109962353  42.74247
5660.04009001361  41.6814
5660.86918379191  43.25425
5661.69827757022  38.87601
5662.52737134853  42.79544
5663.35646512683  42.44259
5664.18555890514  43.12769
5665.01465268344  38.12049
5665.84374646175  39.35184
5666.67284024006  38.75899
5667.50193401836  37.57492
5668.33102779667  41.86827
5669.16012157497  44.58602
5669.98921535328  40.05981
5670.81830913159  37.49364
5671.64740290989  41.29611
5672.4764966882  37.79793
5673.30559046651  36.06028
5674.13468424481  42.04369
5674.96377802312  49.52782
5675.79287180142  45.94757
5676.62196557973  43.70683
5677.45105935804  37.75647
5678.28015313634  42.77714
5679.10924691465  44.58708
5679.93834069296  39.79536
5680.76743447126  37.094
5681.59652824957  41.33965
5682.42562202787  41.22478
5683.25471580618  39.31759
5684.08380958448  35.77579
5684.91290336279  40.8294
5685.7419971411  40.64807
5686.5710909194  42.15891
5687.40018469771  45.36701
5688.22927847602  39.78962
5689.05837225432  35.69262
5689.88746603263  37.78249
5690.71655981093  41.29681
5691.54565358924  45.94352
5692.37474736755  44.19339
5693.20384114585  42.40062
5694.03293492416  47.10149
5694.86202870246  39.27486
5695.69112248077  35.13067
5696.52021625908  34.80587
5697.34931003738  35.68303
5698.17840381569  39.39146
5699.007497594  35.85228
5699.8365913723  39.13519
5700.66568515061  42.52729
5701.49477892891  45.74171
5702.32387270722  42.21238
5703.15296648553  42.77408
5703.98206026383  43.11432
5704.81115404214  43.55152
5705.64024782045  43.19561
5706.46934159875  38.50962
5707.29843537706  39.19675
5708.12752915536  40.64309
5708.95662293367  40.86755
5709.78571671198  39.42126
5710.61481049028  39.14503
5711.44390426859  40.33778
5712.2729980469  36.05197
5713.1020918252  37.46328
5713.93118560351  39.5309
5714.76027938181  36.4465
5715.58937316012  44.03478
5716.41846693842  43.77089
5717.24756071673  40.61447
5718.07665449504  40.39785
5718.90574827334  42.62957
5719.73484205165  41.75149
5720.56393582996  41.41251
5721.39302960826  41.1391
5722.22212338657  41.59661
5723.05121716487  43.1638
5723.88031094318  42.12271
5724.70940472149  41.60143
5725.53849849979  45.42828
5726.3675922781  41.72974
5727.1966860564  37.08156
5728.02577983471  37.57895
5728.85487361302  40.08194
5729.68396739132  44.9258
5730.51306116963  39.51089
5731.34215494794  36.60123
5732.17124872624  40.0854
5733.00034250455  44.48644
5733.82943628285  42.1888
5734.65853006116  39.9497
5735.48762383947  37.69143
5736.31671761777  39.83987
5737.14581139608  37.62123
5737.97490517439  41.71863
5738.80399895269  40.45682
5739.633092731  41.00119
5740.4621865093  41.13137
5741.29128028761  41.87646
5742.12037406592  41.53699
5742.94946784422  38.24783
5743.77856162253  38.90905
5744.60765540083  41.31587
5745.43674917914  41.23595
5746.26584295745  46.9936
5747.09493673575  40.93363
5747.92403051406  37.95096
5748.75312429237  37.27022
5749.58221807067  39.71267
5750.41131184898  42.85773
5751.24040562728  45.34416
5752.06949940559  40.38162
5752.8985931839  36.31604
5753.7276869622  38.29517
5754.55678074051  39.95981
5755.38587451882  39.30566
5756.21496829712  40.41286
5757.04406207543  41.75279
5757.87315585373  37.40756
5758.70224963204  38.46371
5759.53134341035  43.05709
5760.36043718865  44.68691
5761.18953096696  38.66697
5762.01862474526  36.61244
5762.84771852357  38.37522
5763.67681230188  40.56908
5764.50590608018  34.29614
5765.33499985849  41.05189
5766.16409363679  47.98814
5766.9931874151  46.24817
5767.82228119341  42.74331
5768.65137497171  40.00353
5769.48046875002  40.07616
5770.30956252833  41.28632
5771.13865630663  39.57796
5771.96775008494  40.37992
5772.79684386324  52.95118
5773.62593764155  48.83558
5774.45503141986  42.96714
5775.28412519816  40.89985
5776.11321897647  36.742
5776.94231275478  49.79071
5777.77140653308  49.32467
5778.60050031139  43.79274
5779.42959408969  43.52186
5780.258687868  41.57921
5781.08778164631  40.66422
5781.91687542461  38.05881
5782.74596920292  41.87505
5783.57506298122  37.93682
5784.40415675953  41.12936
5785.23325053784  43.29388
5786.06234431614  40.6385
5786.89143809445  39.4206
5787.72053187276  39.83364
5788.54962565106  41.44139
5789.37871942937  38.38259
5790.20781320767  36.51194
5791.03690698598  35.91054
5791.86600076429  36.0787
5792.69509454259  35.90528
5793.5241883209  42.61465
5794.3532820992  42.84074
5795.18237587751  40.95464
5796.01146965582  37.31622
5796.84056343412  40.46902
5797.66965721243  42.91238
5798.49875099074  42.00957
5799.32784476904  45.05387
5800.15693854735  39.6049
5800.98603232565  42.18984
5801.81512610396  41.8871
5802.64421988227  45.42146
5803.47331366057  40.59515
5804.30240743888  41.24634
5805.13150121718  41.6266
5805.96059499549  40.09237
5806.7896887738  45.16217
5807.6187825521  47.29427
5808.44787633041  39.35878
5809.27697010871  41.93538
5810.10606388702  40.80183
5810.93515766533  39.82986
5811.76425144363  34.73443
5812.59334522194  36.30333
5813.42243900025  33.36967
5814.25153277855  31.83312
5815.08062655686  35.69539
5815.90972033516  36.11078
5816.73881411347  37.92907
5817.56790789178  39.79312
5818.39700167008  40.13318
5819.22609544839  41.17475
5820.0551892267  42.06504
5820.884283005  40.56662
5821.71337678331  35.93846
5822.54247056161  37.03307
5823.37156433992  41.80119
5824.20065811823  41.4523
5825.02975189653  40.64054
5825.85884567484  38.14346
5826.68793945315  41.3967
5827.51703323145  40.10759
5828.34612700976  39.43328
5829.17522078806  43.36062
5830.00431456637  43.06305
5830.83340834468  43.41287
5831.66250212298  40.78691
5832.49159590129  36.59458
5833.32068967959  37.82472
5834.1497834579  42.82525
5834.97887723621  39.37872
5835.80797101451  37.92485
5836.63706479282  38.39566
5837.46615857113  38.61402
5838.29525234943  38.19456
5839.12434612774  41.54293
5839.95343990604  44.64739
5840.78253368435  41.79159
5841.61162746266  42.9543
5842.44072124096  41.31095
5843.26981501927  38.32285
5844.09890879757  37.00148
5844.92800257588  39.24069
5845.75709635419  37.78561
5846.58619013249  41.38103
5847.4152839108  39.62625
5848.24437768911  40.92424
5849.07347146741  40.59207
5849.90256524572  44.18217
5850.73165902402  40.57023
5851.56075280233  39.04259
5852.38984658064  43.08163
5853.21894035894  35.17072
5854.04803413725  38.82923
5854.87712791555  39.78074
5855.70622169386  40.77493
5856.53531547217  37.24582
5857.36440925047  40.51656
5858.19350302878  41.24153
5859.02259680708  43.38938
5859.85169058539  46.55629
5860.6807843637  40.66525
5861.509878142  42.97585
5862.33897192031  38.18243
5863.16806569862  40.79077
5863.99715947692  42.32956
5864.82625325523  38.04881
5865.65534703353  35.88608
5866.48444081184  37.46881
5867.31353459015  40.48436
5868.14262836845  39.33226
5868.97172214676  34.49043
5869.80081592507  41.1604
5870.62990970337  41.083
5871.45900348168  43.63597
5872.28809725998  44.57629
5873.11719103829  44.02594
5873.9462848166  39.77842
5874.7753785949  37.49554
5875.60447237321  37.12035
5876.43356615151  38.7214
5877.26265992982  40.91142
5878.09175370813  43.84186
5878.92084748643  32.36422
5879.74994126474  36.23252
5880.57903504305  40.87608
5881.40812882135  43.28473
5882.23722259966  41.49622
5883.06631637796  42.65648
5883.89541015627  39.22742
5884.72450393458  41.55288
5885.55359771288  45.0045
5886.38269149119  43.75759
5887.2117852695  40.3257
5888.0408790478  39.33735
5888.86997282611  42.88305
5889.69906660441  46.42831
5890.52816038272  44.29965
5891.35725416102  39.60168
5892.18634793933  24.76149
5893.01544171764  32.07058
5893.84453549594  35.03398
5894.67362927425  41.12079
5895.50272305256  35.51558
5896.33181683086  42.99269
5897.16091060917  37.92045
5897.99000438747  35.13295
5898.81909816578  35.52771
5899.64819194409  38.55395
5900.47728572239  42.59232
5901.3063795007  46.47974
5902.135473279  43.06059
5902.96456705731  39.76491
5903.79366083562  38.36414
5904.62275461392  39.12193
5905.45184839223  40.13422
5906.28094217054  45.99308
5907.11003594884  41.18519
5907.93912972715  36.41891
5908.76822350545  35.58043
5909.59731728376  38.40178
5910.42641106207  42.56683
5911.25550484037  40.67064
5912.08459861868  39.96625
5912.91369239699  34.26557
5913.74278617529  35.36617
5914.5718799536  34.8674
5915.4009737319  33.60884
5916.23006751021  36.90402
5917.05916128852  35.72229
5917.88825506682  41.92816
5918.71734884513  35.59753
5919.54644262344  33.96558
5920.37553640174  34.28162
5921.20463018005  33.16571
5922.03372395835  34.55505
5922.86281773666  39.24576
5923.69191151496  35.62732
5924.52100529327  36.40995
5925.35009907158  30.07858
5926.17919284988  35.2898
5927.00828662819  35.27537
5927.8373804065  39.97898
5928.6664741848  37.50233
5929.49556796311  33.32558
5930.32466174141  35.18434
5931.15375551972  34.98771
5931.98284929803  38.07133
5932.81194307633  34.97388
5933.64103685464  38.90563
5934.47013063295  40.78803
5935.29922441125  38.43016
5936.12831818956  39.0805
5936.95741196786  36.00444
5937.78650574617  35.81519
5938.61559952448  39.41289
5939.44469330278  39.22728
5940.27378708109  37.24183
5941.1028808594  35.81687
5941.9319746377  40.25158
5942.76106841601  43.28949
5943.59016219431  41.18237
5944.41925597262  35.93406
5945.24834975093  38.04948
5946.07744352923  40.761
5946.90653730754  35.26668
5947.73563108584  39.70626
5948.56472486415  45.27685
5949.39381864246  41.33276
5950.22291242076  35.24202
5951.05200619907  35.77932
5951.88109997738  33.20541
5952.71019375568  41.19256
5953.53928753399  42.62957
5954.36838131229  42.87202
5955.1974750906  38.11474
5956.02656886891  37.71405
5956.85566264721  36.22359
5957.68475642552  39.97717
5958.51385020382  38.78522
5959.34294398213  34.9893
5960.17203776044  36.61089
5961.00113153874  39.0439
5961.83022531705  38.15086
5962.65931909535  31.69142
5963.48841287366  43.11623
5964.31750665197  44.48812
5965.14660043027  38.9862
5965.97569420858  40.44851
5966.80478798689  39.83519
5967.63388176519  37.95307
5968.4629755435  43.11342
5969.2920693218  43.08424
5970.12116310011  34.90605
5970.95025687842  32.52372
5971.77935065672  40.84651
5972.60844443503  40.13313
5973.43753821334  40.72937
5974.26663199164  38.29654
5975.09572576995  35.57972
5975.92481954825  38.66373
5976.75391332656  37.39286
5977.58300710487  38.28101
5978.41210088317  38.42467
5979.24119466148  34.17884
5980.07028843979  34.25706
5980.89938221809  41.10773
5981.7284759964  37.17083
5982.5575697747  40.08617
5983.38666355301  38.38062
5984.21575733132  34.45338
5985.04485110962  35.89791
5985.87394488793  32.62099
5986.70303866623  39.52424
5987.53213244454  39.59591
5988.36122622285  40.52312
5989.19032000115  37.00113
5990.01941377946  37.04333
5990.84850755776  35.31286
5991.67760133607  40.47003
5992.50669511438  34.70993
5993.33578889268  36.70488
5994.16488267099  41.4273
5994.99397644929  39.057
5995.8230702276  39.7823
5996.65216400591  40.55878
5997.48125778421  38.46854
5998.31035156252  40.25219
5999.13944534083  37.82029
5999.96853911913  35.06009
6000.79763289744  40.44664
6001.62672667574  42.59461
6002.45582045405  38.94302
6003.28491423236  40.16665
6004.11400801066  38.03299
6004.94310178897  35.26458
6005.77219556728  35.77555
6006.60128934558  39.767
6007.43038312389  41.98145
6008.25947690219  40.09118
6009.0885706805  39.01006
6009.91766445881  39.48429
6010.74675823711  39.0221
6011.57585201542  34.88298
6012.40494579373  38.41493
6013.23403957203  41.16611
6014.06313335034  42.9964
6014.89222712864  40.78986
6015.72132090695  36.23333
6016.55041468525  34.08972
6017.37950846356  46.4333
6018.20860224187  43.43253
6019.03769602017  35.44372
6019.86678979848  33.58612
6020.69588357679  39.10109
6021.52497735509  41.11891
6022.3540711334  37.91238
6023.1831649117  35.96626
6024.01225869001  33.86271
6024.84135246832  36.40549
6025.67044624662  37.18573
6026.49954002493  36.5041
6027.32863380324  37.39183
6028.15772758154  36.33749
6028.98682135985  36.58635
6029.81591513815  35.13256
6030.64500891646  39.72747
6031.47410269477  41.34462
6032.30319647307  37.71992
6033.13229025138  38.63794
6033.96138402969  39.36815
6034.79047780799  36.61194
6035.6195715863  34.62664
6036.4486653646  39.38195
6037.27775914291  40.46313
6038.10685292122  35.26343
6038.93594669952  36.30131
6039.76504047783  37.64382
6040.59413425613  38.61269
6041.42322803444  36.61451
6042.25232181275  31.35491
6043.08141559105  33.9769
6043.91050936936  35.75926
6044.73960314767  38.35066
6045.56869692597  42.79275
6046.39779070428  39.25523
6047.22688448258  39.30085
6048.05597826089  35.17999
6048.8850720392  37.49258
6049.7141658175  40.5648
6050.54325959581  40.56069
6051.37235337412  39.88218
6052.20144715242  43.42003
6053.03054093073  41.19493
6053.85963470903  39.21074
6054.68872848734  35.53645
6055.51782226564  36.19868
6056.34691604395  33.92379
6057.17600982226  35.65974
6058.00510360056  38.77377
6058.83419737887  38.34003
6059.66329115718  33.71958
6060.49238493548  36.06455
6061.32147871379  34.88236
6062.15057249209  36.73645
6062.9796662704  45.48377
6063.80876004871  42.07117
6064.63785382701  37.96183
6065.46694760532  37.90916
6066.29604138363  38.65776
6067.12513516193  34.35873
6067.95422894024  33.54499
6068.78332271854  38.70642
6069.61241649685  38.66971
6070.44151027516  40.35611
6071.27060405346  39.7592
6072.09969783177  37.8157
6072.92879161008  38.72018
6073.75788538838  39.27752
6074.58697916669  37.96244
6075.41607294499  40.80571
6076.2451667233  35.31632
6077.07426050161  36.49123
6077.90335427991  39.70878
6078.73244805822  36.56801
6079.56154183652  39.04698
6080.39063561483  39.47829
6081.21972939314  34.57201
6082.04882317144  38.10167
6082.87791694975  35.17609
6083.70701072805  31.40335
6084.53610450636  34.14273
6085.36519828467  34.84304
6086.19429206297  35.74519
6087.02338584128  39.89028
6087.85247961958  34.80228
6088.68157339789  36.09731
6089.5106671762  36.95259
6090.3397609545  35.50457
6091.16885473281  36.83769
6091.99794851112  45.03089
6092.82704228942  42.70584
6093.65613606773  40.74492
6094.48522984603  37.66662
6095.31432362434  36.02306
6096.14341740265  34.07711
6096.97251118095  38.45015
6097.80160495926  40.3749
6098.63069873757  36.28197
6099.45979251587  38.24941
6100.28888629418  36.98787
6101.11798007248  34.68871
6101.94707385079  36.50503
6102.7761676291  37.39652
6103.6052614074  36.38017
6104.43435518571  35.91736
6105.26344896402  36.37465
6106.09254274232  37.09907
6106.92163652063  38.76389
6107.75073029893  35.38188
6108.57982407724  37.89635
6109.40891785555  38.11544
6110.23801163385  40.95276
6111.06710541216  39.42599
6111.89619919046  40.25621
6112.72529296877  41.54937
6113.55438674708  39.86939
6114.38348052538  39.38587
6115.21257430369  37.72175
6116.041668082  40.80865
6116.8707618603  36.30455
6117.69985563861  34.84905
6118.52894941692  37.18434
6119.35804319522  38.64381
6120.18713697353  34.63763
6121.01623075183  40.66299
6121.84532453014  39.13228
6122.67441830844  40.74105
6123.50351208675  33.87505
6124.33260586506  31.83951
6125.16169964336  37.98519
6125.99079342167  37.07651
6126.81988719998  34.83499
6127.64898097828  36.5029
6128.47807475659  36.06063
6129.30716853489  38.71803
6130.1362623132  38.70418
6130.96535609151  40.52524
6131.79444986981  36.02787
6132.62354364812  41.49683
6133.45263742642  36.82409
6134.28173120473  38.61897
6135.11082498304  45.93807
6135.93991876134  41.53926
6136.76901253965  35.84404
6137.59810631796  34.03419
6138.42720009626  38.38182
6139.25629387457  39.19566
6140.08538765287  39.52777
6140.91448143118  38.59903
6141.74357520949  38.70633
6142.57266898779  35.6845
6143.4017627661  37.20894
6144.23085654441  38.21663
6145.05995032271  41.17443
6145.88904410102  42.96238
6146.71813787932  37.98904
6147.54723165763  41.48594
6148.37632543594  41.9397
6149.20541921424  40.57775
6150.03451299255  37.89018
6150.86360677085  37.32619
6151.69270054916  41.86411
6152.52179432747  34.79707
6153.35088810577  33.65323
6154.17998188408  37.3597
6155.00907566238  34.75023
6155.83816944069  35.68888
6156.667263219  35.15131
6157.4963569973  36.50972
6158.32545077561  35.25955
6159.15454455392  34.45365
6159.98363833222  33.95545
6160.81273211053  40.01387
6161.64182588883  35.96074
6162.47091966714  38.49759
6163.30001344545  36.91825
6164.12910722375  37.8507
6164.95820100206  41.60387
6165.78729478036  41.08623
6166.61638855867  39.97205
6167.44548233698  35.98773
6168.27457611528  33.90682
6169.10366989359  39.04619
6169.9327636719  38.75959
6170.7618574502  34.02229
6171.59095122851  34.95819
6172.42004500681  34.78808
6173.24913878512  33.70084
6174.07823256343  30.76381
6174.90732634173  37.67133
6175.73642012004  35.41771
6176.56551389834  39.35303
6177.39460767665  36.55154
6178.22370145496  36.25963
6179.05279523326  39.32327
6179.88188901157  36.59454
6180.71098278988  34.96062
6181.54007656818  36.91276
6182.36917034649  37.96675
6183.19826412479  38.94539
6184.0273579031  39.206
6184.85645168141  37.30517
6185.68554545971  35.77073
6186.51463923802  32.06541
6187.34373301633  31.9052
6188.17282679463  34.43965
6189.00192057294  36.46721
6189.83101435124  41.10492
6190.66010812955  41.01862
6191.48920190786  42.93394
6192.31829568616  43.49684
6193.14738946447  45.36346
6193.97648324278  39.69954
6194.80557702108  40.14983
6195.63467079939  35.60904
6196.46376457769  34.42554
6197.292858356  34.66692
6198.12195213431  30.46345
6198.95104591261  36.14465
6199.78013969092  37.01012
6200.60923346922  36.75449
6201.43832724753  33.02364
6202.26742102584  38.8275
6203.09651480414  34.70169
6203.92560858245  40.17668
6204.75470236075  34.28948
6205.58379613906  33.22794
6206.41288991737  35.18702
6207.24198369567  37.68067
6208.07107747398  40.19706
6208.90017125229  37.56135
6209.72926503059  34.52075
6210.5583588089  35.62682
6211.3874525872  36.03585
6212.21654636551  31.82511
6213.04564014382  37.66204
6213.87473392212  35.61634
6214.70382770043  37.30312
6215.53292147874  38.2413
6216.36201525704  37.39186
6217.19110903535  36.5306
6218.02020281365  36.90794
6218.84929659196  33.62604
6219.67839037027  34.06617
6220.50748414857  38.47237
6221.33657792688  41.17091
6222.16567170518  39.88858
6222.99476548349  37.9532
6223.8238592618  37.68527
6224.6529530401  34.82719
6225.48204681841  34.67897
6226.31114059672  32.83167
6227.14023437502  32.2403
6227.96932815333  33.54007
6228.79842193163  30.98296
6229.62751570994  30.46877
6230.45660948825  39.3758
6231.28570326655  41.04745
6232.11479704486  39.3045
6232.94389082316  41.7152
6233.77298460147  37.199
6234.60207837978  37.97916
6235.43117215808  35.09199
6236.26026593639  36.56893
6237.08935971469  36.62022
6237.918453493  34.81011
6238.74754727131  37.11139
6239.57664104961  38.82483
6240.40573482792  40.42631
6241.23482860623  34.44021
6242.06392238453  36.07764
6242.89301616284  35.40581
6243.72210994114  36.69011
6244.55120371945  40.208
6245.38029749776  41.51046
6246.20939127606  33.5792
6247.03848505437  33.31684
6247.86757883267  34.50309
6248.69667261098  32.2386
6249.52576638929  26.24105
6250.35486016759  32.63708
6251.1839539459  37.09572
6252.01304772421  33.31065
6252.84214150251  32.16452
6253.67123528082  36.41859
6254.50032905912  33.16373
6255.32942283743  34.48997
6256.15851661574  36.42062
6256.98761039404  30.21126
6257.81670417235  32.00627
6258.64579795066  35.37783
6259.47489172896  37.28271
6260.30398550727  38.69298
6261.13307928557  36.55719
6261.96217306388  31.21449
6262.79126684219  32.17213
6263.62036062049  37.52215
6264.4494543988  34.62267
6265.27854817711  36.0258
6266.10764195541  37.45265
6266.93673573372  31.92665
6267.76582951202  32.47759
6268.59492329033  27.87086
6269.42401706864  33.16351
6270.25311084694  37.65001
6271.08220462525  31.56238
6271.91129840355  35.52141
6272.74039218186  31.28334
6273.56948596016  34.01181
6274.39857973847  30.37023
6275.22767351678  27.86531
6276.05676729508  32.94299
6276.88586107339  31.19445
6277.7149548517  37.12391
6278.54404863  35.01844
6279.37314240831  34.14817
6280.20223618662  33.05524
6281.03132996492  34.61171
6281.86042374323  31.91549
6282.68951752153  30.30545
6283.51861129984  30.55408
6284.34770507815  31.66188
6285.17679885645  27.90821
6286.00589263476  31.69589
6286.83498641306  31.65399
6287.66408019137  30.73348
6288.49317396968  33.02304
6289.32226774798  31.53248
6290.15136152629  30.54006
6290.9804553046  30.82676
6291.8095490829  34.57312
6292.63864286121  35.72983
6293.46773663951  37.0915
6294.29683041782  39.00723
6295.12592419613  36.64833
6295.95501797443  30.86655
6296.78411175274  27.57386
6297.61320553105  33.48385
6298.44229930935  31.60086
6299.27139308766  30.58692
6300.10048686596  33.68781
6300.92958064427  30.16102
6301.75867442258  35.4371
6302.58776820088  33.61877
6303.41686197919  34.1548
6304.2459557575  35.83681
6305.0750495358  33.95174
6305.90414331411  33.88844
6306.73323709241  37.73449
6307.56233087072  36.43584
6308.39142464903  40.07264
6309.22051842733  38.13462
6310.04961220564  31.4744
6310.87870598394  29.86165
6311.70779976225  34.01148
6312.53689354056  34.31478
6313.36598731886  32.72731
6314.19508109717  39.69698
6315.02417487547  40.83671
6315.85326865378  36.76095
6316.68236243209  36.36523
6317.51145621039  34.1959
6318.3405499887  36.35381
6319.169643767  29.70219
6319.99873754531  30.92446
6320.82783132362  28.38808
6321.65692510192  36.39693
6322.48601888023  41.49341
6323.31511265854  37.40527
6324.14420643684  33.16644
6324.97330021515  31.09382
6325.80239399345  33.10701
6326.63148777176  37.99639
6327.46058155007  30.91146
6328.28967532837  33.73783
6329.11876910668  33.96943
6329.94786288499  34.60994
6330.77695666329  33.17297
6331.6060504416  28.93935
6332.4351442199  29.38717
6333.26423799821  28.48219
6334.09333177652  28.88618
6334.92242555482  30.57147
6335.75151933313  33.94171
6336.58061311144  34.21823
6337.40970688974  29.86343
6338.23880066805  34.27102
6339.06789444635  30.58724
6339.89698822466  31.10826
6340.72608200296  32.92292
6341.55517578127  28.3329
