4068.89453125  13.30562
4069.73158385355  17.33674
4070.56863645709  9.314065
4071.40568906063  12.52142
4072.24274166418  18.55837
4073.07979426772  14.88555
4073.91684687126  18.45318
4074.75389947481  14.40383
4075.59095207835  20.68159
4076.4280046819  24.48485
4077.26505728544  32.30183
4078.10210988898  28.62446
4078.93916249253  5.541564
4079.77621509607  7.783665
4080.61326769961  18.44534
4081.45032030316  19.83406
4082.2873729067  18.807
4083.12442551025  4.765598
4083.96147811379  21.11199
4084.79853071733  32.97342
4085.63558332088  21.32316
4086.47263592442  7.36112
4087.30968852796  -0.1327134
4088.14674113151  17.09784
4088.98379373505  23.11816
4089.8208463386  14.15438
4090.65789894214  7.543505
4091.49495154568  1.64653
4092.33200414923  15.51261
4093.16905675277  28.70665
4094.00610935631  28.18648
4094.84316195986  21.93017
4095.6802145634  8.973937
4096.51726716694  2.809372
4097.35431977049  5.509676
4098.19137237403  16.07535
4099.02842497757  16.1757
4099.86547758112  7.82076
4100.70253018466  14.55278
4101.53958278821  25.06531
4102.37663539175  23.56618
4103.21368799529  19.30787
4104.05074059884  14.24743
4104.88779320238  20.57357
4105.72484580593  19.25699
4106.56189840947  16.84325
4107.39895101301  27.62309
4108.23600361656  27.74132
4109.0730562201  23.57923
4109.91010882364  24.53203
4110.74716142719  23.81878
4111.58421403073  17.5563
4112.42126663427  17.63629
4113.25831923782  20.79943
4114.09537184136  26.10753
4114.93242444491  25.05571
4115.76947704845  15.67346
4116.60652965199  18.24118
4117.44358225554  18.55921
4118.28063485908  18.94156
4119.11768746262  21.06827
4119.95474006617  16.44982
4120.79179266971  21.29462
4121.62884527325  18.19664
4122.4658978768  18.93217
4123.30295048034  24.53182
4124.14000308388  22.90789
4124.97705568743  23.73218
4125.81410829097  19.96613
4126.65116089452  21.98554
4127.48821349806  22.32
4128.3252661016  16.1931
4129.16231870515  19.60665
4129.99937130869  18.24796
4130.83642391223  22.4897
4131.67347651578  23.9179
4132.51052911932  22.75125
4133.34758172287  23.95335
4134.18463432641  20.61259
4135.02168692995  21.71128
4135.8587395335  26.69691
4136.69579213704  22.1912
4137.53284474058  22.31979
4138.36989734413  23.44464
4139.20694994767  24.49147
4140.04400255122  14.44347
4140.88105515476  11.40734
4141.7181077583  14.82706
4142.55516036185  20.58369
4143.39221296539  19.58131
4144.22926556893  21.91426
4145.06631817248  21.95053
4145.90337077602  20.14286
4146.74042337956  18.24144
4147.57747598311  23.88115
4148.41452858665  25.98796
4149.2515811902  26.04077
4150.08863379374  22.75753
4150.92568639728  21.22402
4151.76273900083  26.47654
4152.59979160437  21.78775
4153.43684420791  22.80529
4154.27389681146  25.36462
4155.110949415  24.63344
4155.94800201854  21.20498
4156.78505462209  19.2752
4157.62210722563  22.47561
4158.45915982918  21.05162
4159.29621243272  23.82303
4160.13326503626  22.59486
4160.97031763981  18.1256
4161.80737024335  20.83818
4162.64442284689  24.34799
4163.48147545044  26.05401
4164.31852805398  20.73058
4165.15558065752  18.59641
4165.99263326107  18.90465
4166.82968586461  26.00535
4167.66673846816  25.85286
4168.5037910717  20.12811
4169.34084367524  22.49413
4170.17789627879  19.3407
4171.01494888233  21.33046
4171.85200148587  20.26693
4172.68905408942  21.27003
4173.52610669296  21.31771
4174.36315929651  21.95379
4175.20021190005  21.40077
4176.03726450359  20.15943
4176.87431710714  20.77106
4177.71136971068  20.28577
4178.54842231422  25.52068
4179.38547491777  21.71528
4180.22252752131  25.20458
4181.05958012485  26.08821
4181.8966327284  24.80037
4182.73368533194  21.08909
4183.57073793548  20.20184
4184.40779053903  18.69598
4185.24484314257  25.85433
4186.08189574612  25.75528
4186.91894834966  25.46689
4187.7560009532  22.48617
4188.59305355675  20.04055
4189.43010616029  22.69834
4190.26715876383  18.82858
4191.10421136738  19.41397
4191.94126397092  25.27033
4192.77831657447  27.70102
4193.61536917801  21.70063
4194.45242178155  22.86392
4195.2894743851  27.2582
4196.12652698864  19.81904
4196.96357959218  18.81794
4197.80063219573  23.87012
4198.63768479927  24.84703
4199.47473740281  18.25922
4200.31179000636  20.03948
4201.1488426099  25.31356
4201.98589521345  24.9321
4202.82294781699  22.8785
4203.66000042053  20.38157
4204.49705302408  19.42284
4205.33410562762  19.08466
4206.17115823116  21.24535
4207.00821083471  22.27101
4207.84526343825  19.75186
4208.6823160418  17.41973
4209.51936864534  23.17621
4210.35642124888  25.52553
4211.19347385243  24.7865
4212.03052645597  23.16846
4212.86757905951  22.37534
4213.70463166306  26.32158
4214.5416842666  28.56761
4215.37873687014  25.28615
4216.21578947369  22.03519
4217.05284207723  19.6455
4217.88989468078  22.35047
4218.72694728432  16.26078
4219.56399988786  21.60471
4220.40105249141  22.10983
4221.23810509495  22.12539
4222.07515769849  22.71286
4222.91221030204  25.14913
4223.74926290558  26.04913
4224.58631550912  22.49201
4225.42336811267  26.00716
4226.26042071621  29.33702
4227.09747331976  23.9155
4227.9345259233  22.27321
4228.77157852684  24.08265
4229.60863113039  24.08536
4230.44568373393  21.61434
4231.28273633747  23.87119
4232.11978894102  24.5599
4232.95684154456  21.90584
4233.79389414811  20.99236
4234.63094675165  23.9211
4235.46799935519  25.21927
4236.30505195874  20.03537
4237.14210456228  27.77968
4237.97915716582  32.01128
4238.81620976937  26.2128
4239.65326237291  22.89869
4240.49031497645  25.54073
4241.32736758  28.41367
4242.16442018354  20.63197
4243.00147278709  20.13842
4243.83852539063  23.27656
4244.67557799417  21.86051
4245.51263059772  21.47803
4246.34968320126  17.4773
4247.1867358048  17.46202
4248.02378840835  20.55118
4248.86084101189  22.54454
4249.69789361544  27.29336
4250.53494621898  25.389
4251.37199882252  24.70907
4252.20905142607  25.05611
4253.04610402961  26.6401
4253.88315663315  25.94608
4254.7202092367  27.34241
4255.55726184024  22.25025
4256.39431444378  25.28975
4257.23136704733  28.51092
4258.06841965087  31.7534
4258.90547225442  23.33525
4259.74252485796  24.58756
4260.5795774615  23.14767
4261.41663006505  21.28718
4262.25368266859  26.60817
4263.09073527213  26.15192
4263.92778787568  26.48825
4264.76484047922  18.14705
4265.60189308276  23.67589
4266.43894568631  29.45564
4267.27599828985  18.37642
4268.1130508934  22.09399
4268.95010349694  23.44981
4269.78715610048  22.18346
4270.62420870403  24.06788
4271.46126130757  23.65772
4272.29831391111  25.26378
4273.13536651466  22.28008
4273.9724191182  23.45971
4274.80947172174  24.58351
4275.64652432529  25.3766
4276.48357692883  24.89048
4277.32062953238  20.88022
4278.15768213592  25.00967
4278.99473473946  27.59696
4279.83178734301  27.71557
4280.66883994655  25.51163
4281.50589255009  28.29959
4282.34294515364  30.08033
4283.17999775718  26.37415
4284.01705036072  27.92258
4284.85410296427  30.1722
4285.69115556781  30.66619
4286.52820817136  29.19629
4287.3652607749  27.75823
4288.20231337844  26.77667
4289.03936598199  33.48531
4289.87641858553  30.23409
4290.71347118907  27.1054
4291.55052379262  21.19888
4292.38757639616  22.04576
4293.2246289997  26.85766
4294.06168160325  24.35886
4294.89873420679  24.51113
4295.73578681034  26.65454
4296.57283941388  32.38709
4297.40989201742  27.76373
4298.24694462097  25.42567
4299.08399722451  22.00331
4299.92104982805  23.25456
4300.7581024316  27.09992
4301.59515503514  25.44169
4302.43220763869  29.42816
4303.26926024223  30.15528
4304.10631284577  25.77669
4304.94336544932  26.0771
4305.78041805286  26.77783
4306.6174706564  22.7922
4307.45452325995  18.12046
4308.29157586349  19.46739
4309.12862846703  19.88878
4309.96568107058  18.99026
4310.80273367412  22.49669
4311.63978627767  23.82551
4312.47683888121  21.40948
4313.31389148475  23.95009
4314.1509440883  25.08503
4314.98799669184  26.64621
4315.82504929538  29.00801
4316.66210189893  27.2042
4317.49915450247  21.06226
4318.33620710601  22.12914
4319.17325970956  21.77239
4320.0103123131  24.20874
4320.84736491665  21.28485
4321.68441752019  19.94351
4322.52147012373  20.73183
4323.35852272728  24.47072
4324.19557533082  23.00616
4325.03262793436  23.92703
4325.86968053791  22.69095
4326.70673314145  24.1513
4327.54378574499  20.49676
4328.38083834854  21.34997
4329.21789095208  22.70362
4330.05494355563  24.84111
4330.89199615917  24.86198
4331.72904876271  20.56157
4332.56610136626  22.60557
4333.4031539698  25.7973
4334.24020657335  26.6127
4335.07725917689  26.71779
4335.91431178043  27.94729
4336.75136438398  29.70333
4337.58841698752  29.25044
4338.42546959106  25.16014
4339.26252219461  26.49039
4340.09957479815  27.30939
4340.93662740169  28.4351
4341.77368000524  28.51944
4342.61073260878  24.9316
4343.44778521232  27.46878
4344.28483781587  25.36888
4345.12189041941  28.98376
4345.95894302296  23.37247
4346.7959956265  18.56843
4347.63304823004  24.83783
4348.47010083359  28.99189
4349.30715343713  26.91739
4350.14420604067  26.31907
4350.98125864422  31.4725
4351.81831124776  30.72365
4352.6553638513  26.98659
4353.49241645485  23.72714
4354.32946905839  31.47915
4355.16652166194  30.15164
4356.00357426548  29.83724
4356.84062686902  22.441
4357.67767947257  30.01116
4358.51473207611  25.77117
4359.35178467965  20.91577
4360.1888372832  22.53484
4361.02588988674  17.62564
4361.86294249029  21.6179
4362.69999509383  23.02001
4363.53704769737  29.64349
4364.37410030092  25.22569
4365.21115290446  22.64473
4366.048205508  28.20668
4366.88525811155  28.27501
4367.72231071509  32.23627
4368.55936331863  30.5827
4369.39641592218  25.08425
4370.23346852572  25.33006
4371.07052112927  29.95275
4371.90757373281  29.42161
4372.74462633635  27.4032
4373.5816789399  30.43274
4374.41873154344  31.0346
4375.25578414698  24.77426
4376.09283675053  26.45019
4376.92988935407  26.99878
4377.76694195762  32.835
4378.60399456116  34.02417
4379.4410471647  32.62324
4380.27809976825  28.36912
4381.11515237179  28.77725
4381.95220497533  27.56887
4382.78925757888  29.35513
4383.62631018242  27.45491
4384.46336278596  29.55865
4385.30041538951  30.38774
4386.13746799305  25.09692
4386.9745205966  27.33066
4387.81157320014  28.78628
4388.64862580368  32.39571
4389.48567840723  29.06481
4390.32273101077  29.61898
4391.15978361431  29.80344
4391.99683621786  28.61667
4392.8338888214  32.21684
4393.67094142495  29.0702
4394.50799402849  27.65495
4395.34504663203  34.06329
4396.18209923558  30.50936
4397.01915183912  28.60248
4397.85620444266  30.05152
4398.69325704621  28.59816
4399.53030964975  27.3785
4400.36736225329  25.17257
4401.20441485684  29.86562
4402.04146746038  33.76167
4402.87852006392  32.67104
4403.71557266747  27.12944
4404.55262527101  22.66867
4405.38967787456  26.26407
4406.2267304781  25.55634
4407.06378308164  24.83703
4407.90083568519  29.96603
4408.73788828873  31.62979
4409.57494089227  31.78775
4410.41199349582  28.82739
4411.24904609936  25.95471
4412.08609870291  25.85619
4412.92315130645  31.90668
4413.76020390999  30.92233
4414.59725651354  22.99701
4415.43430911708  29.72129
4416.27136172062  33.76339
4417.10841432417  30.99777
4417.94546692771  30.50081
4418.78251953125  29.47854
4419.6195721348  26.95714
4420.45662473834  27.1457
4421.29367734189  26.99897
4422.13072994543  19.69021
4422.96778254897  27.43783
4423.80483515252  28.2452
4424.64188775606  31.68988
4425.4789403596  25.438
4426.31599296315  30.79379
4427.15304556669  32.13035
4427.99009817023  29.06036
4428.82715077378  31.9828
4429.66420337732  28.67503
4430.50125598087  28.12352
4431.33830858441  30.3311
4432.17536118795  31.44003
4433.0124137915  35.12138
4433.84946639504  30.90792
4434.68651899858  30.92323
4435.52357160213  30.14884
4436.36062420567  28.21067
4437.19767680922  26.04878
4438.03472941276  28.64499
4438.8717820163  31.75464
4439.70883461985  27.56274
4440.54588722339  31.44097
4441.38293982693  30.49771
4442.21999243048  34.5721
4443.05704503402  29.62181
4443.89409763756  29.51706
4444.73115024111  27.58742
4445.56820284465  26.66289
4446.4052554482  30.85102
4447.24230805174  31.9641
4448.07936065528  31.94001
4448.91641325883  37.66386
4449.75346586237  30.47988
4450.59051846591  33.65728
4451.42757106946  31.81063
4452.264623673  28.16379
4453.10167627654  31.12203
4453.93872888009  35.31361
4454.77578148363  32.24894
4455.61283408717  29.98954
4456.44988669072  25.73535
4457.28693929426  28.63209
4458.12399189781  29.95631
4458.96104450135  31.22222
4459.79809710489  34.8294
4460.63514970844  38.68643
4461.47220231198  31.62526
4462.30925491553  31.58626
4463.14630751907  32.53374
4463.98336012261  33.68021
4464.82041272616  34.13759
4465.6574653297  34.23177
4466.49451793324  32.05336
4467.33157053679  28.74223
4468.16862314033  29.05173
4469.00567574387  28.89351
4469.84272834742  33.61289
4470.67978095096  34.62226
4471.5168335545  35.31982
4472.35388615805  25.47308
4473.19093876159  28.86176
4474.02799136514  35.95372
4474.86504396868  38.92666
4475.70209657222  31.53675
4476.53914917577  29.94863
4477.37620177931  29.0888
4478.21325438286  27.56795
4479.0503069864  31.71546
4479.88735958994  34.94152
4480.72441219349  35.78788
4481.56146479703  34.16534
4482.39851740057  30.80144
4483.23557000412  31.52201
4484.07262260766  33.91731
4484.9096752112  29.6889
4485.74672781475  28.84638
4486.58378041829  32.75588
4487.42083302183  35.5675
4488.25788562538  38.24216
4489.09493822892  35.88562
4489.93199083247  34.25752
4490.76904343601  32.76262
4491.60609603955  34.57827
4492.4431486431  33.57686
4493.28020124664  40.75679
4494.11725385018  40.17622
4494.95430645373  36.17528
4495.79135905727  35.60456
4496.62841166082  30.25979
4497.46546426436  30.43303
4498.3025168679  29.16376
4499.13956947145  29.811
4499.97662207499  30.75843
4500.81367467853  34.32515
4501.65072728208  34.08578
4502.48777988562  36.40734
4503.32483248917  35.05824
4504.16188509271  31.18943
4504.99893769625  36.80058
4505.8359902998  35.79485
4506.67304290334  35.28483
4507.51009550688  37.84039
4508.34714811043  37.29848
4509.18420071397  41.54874
4510.02125331751  41.39013
4510.85830592106  37.63073
4511.6953585246  37.73142
4512.53241112814  38.03531
4513.36946373169  33.55303
4514.20651633523  29.88696
4515.04356893878  31.85858
4515.88062154232  33.14826
4516.71767414586  30.59658
4517.55472674941  31.5736
4518.39177935295  33.3927
4519.22883195649  32.0624
4520.06588456004  34.58329
4520.90293716358  34.2296
4521.73998976713  36.84181
4522.57704237067  39.0084
4523.41409497421  29.98236
4524.25114757776  32.28617
4525.0882001813  32.43756
4525.92525278484  39.24606
4526.76230538839  37.75727
4527.59935799193  32.97008
4528.43641059547  39.29377
4529.27346319902  35.82663
4530.11051580256  31.98583
4530.94756840611  35.01843
4531.78462100965  35.26263
4532.62167361319  33.19811
4533.45872621674  32.29711
4534.29577882028  32.24023
4535.13283142382  30.47638
4535.96988402737  34.34716
4536.80693663091  40.63847
4537.64398923445  38.40895
4538.481041838  35.72862
4539.31809444154  38.97329
4540.15514704509  27.97244
4540.99219964863  31.44814
4541.82925225217  32.31415
4542.66630485572  32.30574
4543.50335745926  35.66233
4544.3404100628  38.21032
4545.17746266635  31.74524
4546.01451526989  26.5292
4546.85156787343  29.44448
4547.68862047698  31.11482
4548.52567308052  29.15468
4549.36272568407  32.42185
4550.19977828761  30.68892
4551.03683089115  29.08419
4551.8738834947  22.32401
4552.71093609824  27.17037
4553.54798870178  30.26579
4554.38504130533  32.64804
4555.22209390887  27.42923
4556.05914651242  29.87287
4556.89619911596  24.10928
4557.7332517195  33.23581
4558.57030432305  34.60714
4559.40735692659  33.23355
4560.24440953013  32.7535
4561.08146213368  36.363
4561.91851473722  32.99298
4562.75556734076  33.45858
4563.59261994431  32.56811
4564.42967254785  39.45531
4565.2667251514  33.45488
4566.10377775494  31.85257
4566.94083035848  40.15805
4567.77788296203  35.18655
4568.61493556557  34.38877
4569.45198816911  30.87202
4570.28904077266  34.05831
4571.1260933762  28.38844
4571.96314597974  32.72138
4572.80019858329  27.47364
4573.63725118683  29.57901
4574.47430379038  36.54282
4575.31135639392  35.20763
4576.14840899746  35.55792
4576.98546160101  38.54884
4577.82251420455  33.9702
4578.65956680809  34.27096
4579.49661941164  34.76802
4580.33367201518  36.85855
4581.17072461872  34.41732
4582.00777722227  33.82963
4582.84482982581  38.69651
4583.68188242936  36.4104
4584.5189350329  34.06675
4585.35598763644  41.7533
4586.19304023999  36.05138
4587.03009284353  36.80312
4587.86714544707  33.1221
4588.70419805062  33.69273
4589.54125065416  29.99996
4590.3783032577  33.74515
4591.21535586125  42.30752
4592.05240846479  34.37082
4592.88946106834  34.41483
4593.72651367188  33.13732
4594.56356627542  35.77453
4595.40061887897  32.04389
4596.23767148251  33.89629
4597.07472408605  36.66917
4597.9117766896  36.88329
4598.74882929314  37.66035
4599.58588189669  34.07023
4600.42293450023  39.34209
4601.25998710377  39.85732
4602.09703970732  30.8048
4602.93409231086  32.94305
4603.7711449144  31.29104
4604.60819751795  29.01702
4605.44525012149  27.93916
4606.28230272504  37.89388
4607.11935532858  34.673
4607.95640793212  31.16355
4608.79346053567  32.30293
4609.63051313921  35.70668
4610.46756574275  37.72496
4611.3046183463  38.45273
4612.14167094984  34.9351
4612.97872355338  37.92555
4613.81577615693  37.60143
4614.65282876047  31.74664
4615.48988136401  32.97649
4616.32693396756  40.1368
4617.1639865711  38.4252
4618.00103917465  33.67735
4618.83809177819  31.98903
4619.67514438173  36.01435
4620.51219698528  41.20243
4621.34924958882  38.0787
4622.18630219236  37.72524
4623.02335479591  33.69067
4623.86040739945  38.1408
4624.697460003  33.56744
4625.53451260654  37.39659
4626.37156521008  36.11811
4627.20861781363  40.19009
4628.04567041717  42.75267
4628.88272302071  44.30966
4629.71977562426  42.57007
4630.5568282278  37.64809
4631.39388083134  39.24029
4632.23093343489  34.16198
4633.06798603843  28.8644
4633.90503864198  30.2649
4634.74209124552  35.77403
4635.57914384906  33.72093
4636.41619645261  39.11868
4637.25324905615  37.96032
4638.09030165969  36.47401
4638.92735426324  39.05186
4639.76440686678  36.29692
4640.60145947032  36.4398
4641.43851207387  35.35756
4642.27556467741  34.07554
4643.11261728096  37.09346
4643.9496698845  34.66803
4644.78672248804  31.51581
4645.62377509159  33.52171
4646.46082769513  38.08852
4647.29788029867  39.60168
4648.13493290222  40.44971
4648.97198550576  41.10919
4649.80903810931  38.66478
4650.64609071285  39.50819
4651.48314331639  38.12349
4652.32019591994  39.65453
4653.15724852348  40.24461
4653.99430112702  32.46665
4654.83135373057  37.21361
4655.66840633411  39.04525
4656.50545893766  38.37294
4657.3425115412  38.26904
4658.17956414474  36.70806
4659.01661674829  34.74596
4659.85366935183  38.20577
4660.69072195537  37.60428
4661.52777455892  36.11642
4662.36482716246  40.44723
4663.201879766  42.66933
4664.03893236955  37.06079
4664.87598497309  42.86144
4665.71303757664  44.39465
4666.55009018018  44.00563
4667.38714278372  45.45414
4668.22419538727  36.1303
4669.06124799081  32.91092
4669.89830059435  36.4197
4670.7353531979  36.24327
4671.57240580144  31.58768
4672.40945840498  28.75529
4673.24651100853  37.21102
4674.08356361207  34.33245
4674.92061621561  35.12376
4675.75766881916  37.60844
4676.5947214227  41.28544
4677.43177402625  41.82286
4678.26882662979  38.86145
4679.10587923333  39.06355
4679.94293183688  29.43105
4680.77998444042  28.64819
4681.61703704396  31.38316
4682.45408964751  35.82146
4683.29114225105  41.73211
4684.1281948546  44.69526
4684.96524745814  47.12231
4685.80230006168  40.43056
4686.63935266523  40.41127
4687.47640526877  43.00309
4688.31345787231  41.1497
4689.15051047586  38.30013
4689.9875630794  34.85324
4690.82461568294  32.69017
4691.66166828649  32.47319
4692.49872089003  35.44418
4693.33577349358  35.98306
4694.17282609712  39.34063
4695.00987870066  39.04247
4695.84693130421  34.47598
4696.68398390775  43.71767
4697.52103651129  39.65821
4698.35808911484  40.986
4699.19514171838  36.67081
4700.03219432192  39.967
4700.86924692547  36.39054
4701.70629952901  31.99515
4702.54335213256  40.66665
4703.3804047361  41.68906
4704.21745733964  38.14693
4705.05450994319  42.54962
4705.89156254673  36.79399
4706.72861515027  36.88963
4707.56566775382  41.36863
4708.40272035736  39.72153
4709.23977296091  38.4973
4710.07682556445  34.88414
4710.91387816799  32.19941
4711.75093077154  38.02247
4712.58798337508  38.35321
4713.42503597862  38.04247
4714.26208858217  35.95787
4715.09914118571  38.34288
4715.93619378925  39.34015
4716.7732463928  38.2015
4717.61029899634  38.15818
4718.44735159989  36.53497
4719.28440420343  40.67645
4720.12145680697  36.41529
4720.95850941052  36.99514
4721.79556201406  36.63834
4722.6326146176  39.61336
4723.46966722115  36.11029
4724.30671982469  31.79432
4725.14377242824  37.80896
4725.98082503178  36.85279
4726.81787763532  34.21743
4727.65493023887  44.0718
4728.49198284241  39.83554
4729.32903544595  37.36888
4730.1660880495  39.21164
4731.00314065304  36.58945
4731.84019325658  31.73012
4732.67724586013  31.9332
4733.51429846367  38.08506
4734.35135106722  34.1852
4735.18840367076  34.02752
4736.0254562743  39.11576
4736.86250887785  44.57803
4737.69956148139  41.51193
4738.53661408493  37.80475
4739.37366668848  33.23501
4740.21071929202  34.57888
4741.04777189556  40.5314
4741.88482449911  40.25665
4742.72187710265  41.20744
4743.55892970619  39.66739
4744.39598230974  39.10986
4745.23303491328  40.81593
4746.07008751683  38.47818
4746.90714012037  43.35545
4747.74419272391  41.92474
4748.58124532746  45.99562
4749.418297931  37.88282
4750.25535053455  34.84402
4751.09240313809  34.78529
4751.92945574163  35.76345
4752.76650834518  37.24072
4753.60356094872  40.64852
4754.44061355226  40.59947
4755.27766615581  34.34713
4756.11471875935  38.77788
4756.95177136289  36.65592
4757.78882396644  37.33447
4758.62587656998  35.3616
4759.46292917352  40.94883
4760.29998177707  42.01882
4761.13703438061  40.65625
4761.97408698416  37.35488
4762.8111395877  33.7591
4763.64819219124  36.15939
4764.48524479479  37.20587
4765.32229739833  39.53685
4766.15935000187  38.06551
4766.99640260542  34.21094
4767.83345520896  37.55496
4768.67050781251  38.17727
4769.50756041605  37.8104
4770.34461301959  38.34407
4771.18166562314  38.83522
4772.01871822668  41.33261
4772.85577083022  41.80858
4773.69282343377  43.62093
4774.52987603731  44.08051
4775.36692864086  43.31823
4776.2039812444  41.82286
4777.04103384794  39.49682
4777.87808645149  39.50344
4778.71513905503  37.79029
4779.55219165857  37.22532
4780.38924426212  40.98584
4781.22629686566  36.70282
4782.0633494692  35.7632
4782.90040207275  43.73969
4783.73745467629  39.49761
4784.57450727983  33.86669
4785.41155988338  40.31198
4786.24861248692  37.30103
4787.08566509047  33.98114
4787.92271769401  36.77523
4788.75977029755  34.16959
4789.5968229011  39.12013
4790.43387550464  39.15712
4791.27092810818  35.00822
4792.10798071173  39.92883
4792.94503331527  39.89652
4793.78208591882  35.93579
4794.61913852236  41.1544
4795.4561911259  43.4796
4796.29324372945  40.99984
4797.13029633299  36.97938
4797.96734893653  35.45878
4798.80440154008  38.39036
4799.64145414362  41.09185
4800.47850674716  40.93368
4801.31555935071  40.91094
4802.15261195425  40.50064
4802.9896645578  38.40819
4803.82671716134  37.99716
4804.66376976488  36.42879
4805.50082236843  40.83095
4806.33787497197  38.78213
4807.17492757551  33.64064
4808.01198017906  40.61413
4808.8490327826  42.97596
4809.68608538614  34.79196
4810.52313798969  32.98295
4811.36019059323  39.74571
4812.19724319678  44.77758
4813.03429580032  42.12798
4813.87134840386  39.97839
4814.70840100741  36.1343
4815.54545361095  37.24418
4816.38250621449  39.20203
4817.21955881804  43.82543
4818.05661142158  46.13263
4818.89366402512  42.60257
4819.73071662867  41.94493
4820.56776923221  40.10463
4821.40482183576  38.76619
4822.2418744393  33.42577
4823.07892704284  36.43757
4823.91597964639  39.76426
4824.75303224993  41.20238
4825.59008485348  49.91886
4826.42713745702  43.63203
4827.26419006056  37.73402
4828.10124266411  39.2846
4828.93829526765  38.96068
4829.77534787119  39.49372
4830.61240047474  37.90923
4831.44945307828  41.35942
4832.28650568182  43.8522
4833.12355828537  40.10824
4833.96061088891  42.68507
4834.79766349245  40.63592
4835.634716096  36.04714
4836.47176869954  39.35858
4837.30882130309  37.91602
4838.14587390663  36.67382
4838.98292651017  39.11018
4839.81997911372  34.40308
4840.65703171726  42.68534
4841.4940843208  42.24221
4842.33113692435  39.51577
4843.16818952789  37.55226
4844.00524213144  40.98974
4844.84229473498  45.77687
4845.67934733852  39.7076
4846.51639994207  36.09138
4847.35345254561  42.46263
4848.19050514915  40.8836
4849.0275577527  36.56221
4849.86461035624  38.89011
4850.70166295978  45.19747
4851.53871556333  45.58166
4852.37576816687  43.97392
4853.21282077042  42.69542
4854.04987337396  44.06881
4854.8869259775  36.83041
4855.72397858105  41.98594
4856.56103118459  41.41102
4857.39808378813  41.7368
4858.23513639168  42.24474
4859.07218899522  43.75352
4859.90924159876  43.85965
4860.74629420231  41.76857
4861.58334680585  39.06973
4862.4203994094  39.79167
4863.25745201294  46.25737
4864.09450461648  43.91151
4864.93155722003  42.54568
4865.76860982357  40.12643
4866.60566242711  41.15183
4867.44271503066  47.79544
4868.2797676342  47.21842
4869.11682023774  47.57237
4869.95387284129  45.4068
4870.79092544483  38.9096
4871.62797804838  41.95262
4872.46503065192  41.45637
4873.30208325546  41.84044
4874.13913585901  33.37926
4874.97618846255  40.11426
4875.81324106609  39.47633
4876.65029366964  38.04438
4877.48734627318  43.06937
4878.32439887673  39.90377
4879.16145148027  37.75993
4879.99850408381  43.78613
4880.83555668736  43.42951
4881.6726092909  35.58179
4882.50966189444  33.67962
4883.34671449799  32.73586
4884.18376710153  35.31443
4885.02081970507  30.27091
4885.85787230862  32.52345
4886.69492491216  32.1791
4887.53197751571  31.1601
4888.36903011925  33.94925
4889.20608272279  36.24831
4890.04313532634  36.67536
4890.88018792988  39.98098
4891.71724053342  41.08857
4892.55429313697  46.41802
4893.39134574051  42.76317
4894.22839834405  40.7211
4895.0654509476  36.31796
4895.90250355114  38.2383
4896.73955615469  44.57991
4897.57660875823  47.47379
4898.41366136177  44.54988
4899.25071396532  43.76541
4900.08776656886  42.7622
4900.9248191724  40.98402
4901.76187177595  40.46181
4902.59892437949  39.38442
4903.43597698303  36.76552
4904.27302958658  35.61669
4905.11008219012  37.92693
4905.94713479367  42.09909
4906.78418739721  39.43398
4907.62124000075  32.32983
4908.4582926043  39.42023
4909.29534520784  37.57878
4910.13239781138  37.29068
4910.96945041493  36.84634
4911.80650301847  37.51719
4912.64355562201  38.41051
4913.48060822556  32.04461
4914.3176608291  40.74068
4915.15471343265  41.08663
4915.99176603619  38.09458
4916.82881863973  43.05966
4917.66587124328  41.6398
4918.50292384682  39.61199
4919.33997645036  40.80153
4920.17702905391  39.66518
4921.01408165745  44.02114
4921.851134261  37.99627
4922.68818686454  37.55175
4923.52523946808  42.94508
4924.36229207163  43.94345
4925.19934467517  39.66895
4926.03639727871  36.8787
4926.87344988226  42.84803
4927.7105024858  42.31001
4928.54755508935  37.34688
4929.38460769289  41.35221
4930.22166029643  36.33042
4931.05871289998  41.86451
4931.89576550352  45.71087
4932.73281810706  46.10251
4933.56987071061  41.30416
4934.40692331415  40.16595
4935.24397591769  37.70726
4936.08102852124  43.37947
4936.91808112478  39.21255
4937.75513372833  42.03953
4938.59218633187  40.50202
4939.42923893541  40.44669
4940.26629153896  40.89186
4941.1033441425  37.59055
4941.94039674604  38.97051
4942.77744934959  33.71261
4943.61450195313  36.98252
4944.45155455667  37.20142
4945.28860716022  33.32849
4946.12565976376  34.26868
4946.9627123673  46.492
4947.79976497085  43.50797
4948.63681757439  41.23153
4949.47387017794  40.36213
4950.31092278148  41.79403
4951.14797538502  37.44544
4951.98502798857  43.45423
4952.82208059211  40.09993
4953.65913319566  41.40083
4954.4961857992  44.94421
4955.33323840274  38.90302
4956.17029100629  39.56748
4957.00734360983  42.61529
4957.84439621337  44.99957
4958.68144881692  41.41435
4959.51850142046  39.5188
4960.355554024  46.6913
4961.19260662755  44.76096
4962.02965923109  42.91756
4962.86671183463  40.24883
4963.70376443818  41.98166
4964.54081704172  44.43035
4965.37786964527  45.25953
4966.21492224881  46.09946
4967.05197485235  45.91879
4967.8890274559  44.95323
4968.72608005944  44.89993
4969.56313266299  46.67306
4970.40018526653  47.62392
4971.23723787007  45.42455
4972.07429047362  44.43973
4972.91134307716  45.72002
4973.7483956807  48.97356
4974.58544828425  43.57795
4975.42250088779  44.52329
4976.25955349133  47.72617
4977.09660609488  51.20409
4977.93365869842  50.39976
4978.77071130196  45.47893
4979.60776390551  47.1617
4980.44481650905  48.83366
4981.2818691126  48.07155
4982.11892171614  50.42363
4982.95597431968  51.0048
4983.79302692323  45.39274
4984.63007952677  48.53751
4985.46713213031  47.51836
4986.30418473386  45.42751
4987.1412373374  45.16294
4987.97828994095  46.56339
4988.81534254449  52.82337
4989.65239514803  47.60949
4990.48944775158  47.01546
4991.32650035512  48.36356
4992.16355295866  46.93529
4993.00060556221  48.75727
4993.83765816575  45.04282
4994.67471076929  48.22631
4995.51176337284  46.42384
4996.34881597638  51.92511
4997.18586857993  52.63195
4998.02292118347  49.1126
4998.85997378701  49.86887
4999.69702639056  49.34664
5000.5340789941  49.17629
5001.37113159764  52.29241
5002.20818420119  47.98608
5003.04523680473  49.88011
5003.88228940828  44.99459
5004.71934201182  42.65538
5005.55639461536  44.5192
5006.39344721891  44.11971
5007.23049982245  41.07611
5008.06755242599  44.66763
5008.90460502954  50.47026
5009.74165763308  48.13588
5010.57871023662  47.86786
5011.41576284017  47.06707
5012.25281544371  50.91513
5013.08986804726  48.82066
5013.9269206508  50.94054
5014.76397325434  46.97819
5015.60102585789  41.5426
5016.43807846143  43.50216
5017.27513106497  47.10155
5018.11218366852  46.06517
5018.94923627206  47.89761
5019.7862888756  46.87315
5020.62334147915  44.85174
5021.46039408269  50.86776
5022.29744668624  48.60265
5023.13449928978  53.35092
5023.97155189332  51.19416
5024.80860449687  51.13869
5025.64565710041  50.75002
5026.48270970395  48.2403
5027.3197623075  49.6199
5028.15681491104  54.22181
5028.99386751458  59.30336
5029.83092011813  68.43279
5030.66797272167  63.64869
5031.50502532522  61.01662
5032.34207792876  62.203
5033.1791305323  66.57519
5034.01618313585  62.77424
5034.85323573939  54.28874
5035.69028834293  48.89693
5036.52734094648  51.5916
5037.36439355002  47.17873
5038.20144615357  51.51777
5039.03849875711  56.19409
5039.87555136065  55.66596
5040.7126039642  42.77205
5041.54965656774  52.44126
5042.38670917128  58.71064
5043.22376177483  58.79405
5044.06081437837  58.0641
5044.89786698191  61.42372
5045.73491958546  62.13795
5046.571972189  55.30072
5047.40902479255  54.25965
5048.24607739609  56.66388
5049.08312999963  58.17358
5049.92018260318  49.87001
5050.75723520672  52.99574
5051.59428781026  53.64007
5052.43134041381  48.98383
5053.26839301735  51.0321
5054.10544562089  53.21344
5054.94249822444  49.55992
5055.77955082798  48.48729
5056.61660343153  47.40966
5057.45365603507  47.29984
5058.29070863861  44.78309
5059.12776124216  44.53856
5059.9648138457  48.6055
5060.80186644924  40.70375
5061.63891905279  45.29629
5062.47597165633  44.43484
5063.31302425988  44.6624
5064.15007686342  38.76693
5064.98712946696  37.17222
5065.82418207051  39.76213
5066.66123467405  41.37819
5067.49828727759  36.87817
5068.33533988114  41.01709
5069.17239248468  43.18885
5070.00944508822  43.73639
5070.84649769177  43.10101
5071.68355029531  39.55674
5072.52060289886  33.99272
5073.3576555024  34.06342
5074.19470810594  40.99323
5075.03176070949  47.57759
5075.86881331303  45.00911
5076.70586591657  43.03973
5077.54291852012  46.10826
5078.37997112366  46.44526
5079.2170237272  45.29336
5080.05407633075  46.48893
5080.89112893429  49.52188
5081.72818153784  50.24717
5082.56523414138  44.9712
5083.40228674492  41.40211
5084.23933934847  46.42011
5085.07639195201  41.79807
5085.91344455555  45.7494
5086.7504971591  44.85167
5087.58754976264  42.35851
5088.42460236618  41.27712
5089.26165496973  36.69271
5090.09870757327  39.1582
5090.93576017682  40.58899
5091.77281278036  42.3575
5092.6098653839  40.61158
5093.44691798745  43.54072
5094.28397059099  45.11109
5095.12102319453  44.5427
5095.95807579808  43.34605
5096.79512840162  45.96978
5097.63218100517  47.40132
5098.46923360871  42.59843
5099.30628621225  42.17596
5100.1433388158  46.13719
5100.98039141934  47.69552
5101.81744402288  44.87406
5102.65449662643  39.27315
5103.49154922997  40.19912
5104.32860183351  41.261
5105.16565443706  36.65232
5106.0027070406  39.3731
5106.83975964414  35.43097
5107.67681224769  41.27961
5108.51386485123  44.22156
5109.35091745478  46.02492
5110.18797005832  38.5998
5111.02502266186  42.62742
5111.86207526541  41.49776
5112.69912786895  43.27367
5113.53618047249  40.78115
5114.37323307604  45.9223
5115.21028567958  44.48185
5116.04733828313  49.00087
5116.88439088667  44.57905
5117.72144349021  44.87158
5118.55849609376  43.78116
5119.3955486973  43.24115
5120.23260130084  42.86959
5121.06965390439  44.47385
5121.90670650793  45.52103
5122.74375911147  52.71622
5123.58081171502  46.11547
5124.41786431856  41.02549
5125.25491692211  39.50301
5126.09196952565  45.67263
5126.92902212919  45.79494
5127.76607473274  46.13012
5128.60312733628  45.86668
5129.44017993982  42.58909
5130.27723254337  40.0939
5131.11428514691  41.90908
5131.95133775045  42.43657
5132.788390354  43.97038
5133.62544295754  46.21992
5134.46249556109  40.37413
5135.29954816463  40.68684
5136.13660076817  38.16338
5136.97365337172  41.97601
5137.81070597526  38.98706
5138.6477585788  42.79973
5139.48481118235  40.11069
5140.32186378589  40.56873
5141.15891638944  43.61383
5141.99596899298  50.49849
5142.83302159652  50.58161
5143.67007420007  41.57191
5144.50712680361  40.5403
5145.34417940715  42.73774
5146.1812320107  44.93903
5147.01828461424  43.22231
5147.85533721779  45.21297
5148.69238982133  41.82262
5149.52944242487  44.60188
5150.36649502842  41.09609
5151.20354763196  33.2762
5152.0406002355  44.8118
5152.87765283905  43.0909
5153.71470544259  40.41082
5154.55175804613  40.75692
5155.38881064968  38.93724
5156.22586325322  43.90254
5157.06291585677  50.84332
5157.89996846031  48.25607
5158.73702106385  40.91439
5159.5740736674  43.28825
5160.41112627094  40.19442
5161.24817887448  40.54457
5162.08523147803  47.24965
5162.92228408157  46.28915
5163.75933668511  38.89084
5164.59638928866  41.78438
5165.4334418922  41.0698
5166.27049449575  41.42459
5167.10754709929  43.33255
5167.94459970283  40.80048
5168.78165230638  38.49084
5169.61870490992  43.3147
5170.45575751346  49.4945
5171.29281011701  43.52032
5172.12986272055  44.95668
5172.96691532409  49.17443
5173.80396792764  44.15983
5174.64102053118  46.2508
5175.47807313473  44.76262
5176.31512573827  45.33267
5177.15217834181  48.84471
5177.98923094536  37.81039
5178.8262835489  42.69316
5179.66333615244  47.79663
5180.50038875599  41.73699
5181.33744135953  40.66248
5182.17449396307  45.89859
5183.01154656662  47.36429
5183.84859917016  44.47903
5184.6856517737  48.36221
5185.52270437725  42.28262
5186.35975698079  47.43482
5187.19680958434  50.23018
5188.03386218788  43.3271
5188.87091479143  48.17085
5189.70796739497  46.76675
5190.54501999851  44.00681
5191.38207260206  38.14129
5192.2191252056  34.01432
5193.05617780914  41.12333
5193.89323041269  37.22532
5194.73028301623  38.77556
5195.56733561977  39.98308
5196.40438822332  33.91869
5197.24144082686  34.47846
5198.0784934304  42.71798
5198.91554603395  33.12581
5199.75259863749  33.33253
5200.58965124104  36.32557
5201.42670384458  42.48953
5202.26375644812  43.67077
5203.10080905167  43.99315
5203.93786165521  45.81819
5204.77491425875  41.59254
5205.6119668623  40.95118
5206.44901946584  37.62999
5207.28607206939  38.56781
5208.12312467293  38.94099
5208.96017727647  34.90534
5209.79722988002  35.23531
5210.63428248356  41.66896
5211.4713350871  46.98785
5212.30838769065  47.72657
5213.14544029419  44.34917
5213.98249289773  43.54125
5214.81954550128  44.11733
5215.65659810482  41.79422
5216.49365070837  43.47145
5217.33070331191  44.47685
5218.16775591545  44.90901
5219.004808519  42.18725
5219.84186112254  41.13912
5220.67891372608  39.57676
5221.51596632963  41.48178
5222.35301893317  42.48996
5223.19007153671  42.78562
5224.02712414026  43.93027
5224.8641767438  43.88775
5225.70122934735  46.3766
5226.53828195089  44.21796
5227.37533455443  42.53621
5228.21238715798  39.81666
5229.04943976152  36.50642
5229.88649236506  33.53279
5230.72354496861  36.22425
5231.56059757215  41.39933
5232.39765017569  40.51656
5233.23470277924  46.43031
5234.07175538278  41.39724
5234.90880798633  41.32796
5235.74586058987  46.49362
5236.58291319341  47.4697
5237.41996579696  49.43556
5238.2570184005  48.56583
5239.09407100405  42.91107
5239.93112360759  40.7249
5240.76817621113  41.43025
5241.60522881468  45.47604
5242.44228141822  50.16406
5243.27933402176  49.61643
5244.11638662531  47.06535
5244.95343922885  41.84673
5245.79049183239  42.80951
5246.62754443594  44.24517
5247.46459703948  43.67734
5248.30164964302  52.62047
5249.13870224657  49.11835
5249.97575485011  44.2427
5250.81280745366  40.08543
5251.6498600572  44.01172
5252.48691266074  43.22104
5253.32396526429  41.85685
5254.16101786783  42.1176
5254.99807047137  43.15157
5255.83512307492  45.02745
5256.67217567846  46.19568
5257.509228282  47.59702
5258.34628088555  44.16743
5259.18333348909  42.79022
5260.02038609264  42.47382
5260.85743869618  47.7214
5261.69449129972  41.29392
5262.53154390327  47.07021
5263.36859650681  51.19122
5264.20564911035  45.46168
5265.0427017139  43.21937
5265.87975431744  43.7372
5266.71680692098  51.41601
5267.55385952453  50.40099
5268.39091212807  49.87423
5269.22796473161  50.04795
5270.06501733516  48.07716
5270.9020699387  50.73029
5271.73912254225  40.88295
5272.57617514579  43.20993
5273.41322774933  48.23904
5274.25028035288  51.12862
5275.08733295642  42.44479
5275.92438555997  42.57318
5276.76143816351  42.54478
5277.59849076705  45.04774
5278.4355433706  44.10194
5279.27259597414  44.5947
5280.10964857768  41.28486
5280.94670118123  44.13677
5281.78375378477  48.66648
5282.62080638831  50.00211
5283.45785899186  50.15691
5284.2949115954  50.06987
5285.13196419895  53.92021
5285.96901680249  44.6937
5286.80606940603  42.94773
5287.64312200958  42.07985
5288.48017461312  38.77015
5289.31722721666  39.41381
5290.15427982021  34.98137
5290.99133242375  36.98813
5291.8283850273  41.40139
5292.66543763084  36.7036
5293.50249023438  38.87686
5294.33954283793  38.16267
5295.17659544147  35.66703
5296.01364804501  37.68782
5296.85070064856  35.64255
5297.6877532521  41.75414
5298.52480585564  49.25938
5299.36185845919  43.05786
5300.19891106273  43.2844
5301.03596366627  42.38591
5301.87301626982  43.16038
5302.71006887336  48.47438
5303.54712147691  46.65992
5304.38417408045  43.75632
5305.22122668399  42.38658
5306.05827928754  41.81916
5306.89533189108  54.74007
5307.73238449462  49.5897
5308.56943709817  46.84592
5309.40648970171  44.90813
5310.24354230525  45.97876
5311.0805949088  50.27594
5311.91764751234  47.38366
5312.75470011589  46.36291
5313.59175271943  43.70209
5314.42880532297  43.47912
5315.26585792652  43.88602
5316.10291053006  45.0406
5316.93996313361  41.91303
5317.77701573715  42.46062
5318.61406834069  46.85283
5319.45112094424  45.16619
5320.28817354778  45.17067
5321.12522615132  44.03325
5321.96227875487  44.49635
5322.79933135841  42.82478
5323.63638396195  41.84438
5324.4734365655  37.52034
5325.31048916904  42.1314
5326.14754177258  43.39936
5326.98459437613  46.23773
5327.82164697967  44.31677
5328.65869958322  43.9417
5329.49575218676  45.62693
5330.3328047903  46.42028
5331.16985739385  50.62723
5332.00690999739  44.91576
5332.84396260094  42.45208
5333.68101520448  52.50828
5334.51806780802  51.26943
5335.35512041157  45.69504
5336.19217301511  51.34729
5337.02922561865  53.11824
5337.8662782222  50.80059
5338.70333082574  46.27291
5339.54038342928  47.46366
5340.37743603283  50.75308
5341.21448863637  41.40841
5342.05154123991  41.02785
5342.88859384346  43.37558
5343.725646447  44.60223
5344.56269905055  46.2083
5345.39975165409  49.33979
5346.23680425763  43.61959
5347.07385686118  41.44241
5347.91090946472  45.61149
5348.74796206826  47.96645
5349.58501467181  44.92075
5350.42206727535  38.80547
5351.25911987889  44.59396
5352.09617248244  45.28029
5352.93322508598  39.29407
5353.77027768953  42.99236
5354.60733029307  41.65452
5355.44438289661  36.65284
5356.28143550016  37.32716
5357.1184881037  42.94456
5357.95554070724  46.32798
5358.79259331079  44.62961
5359.62964591433  47.59519
5360.46669851787  52.54775
5361.30375112142  49.99344
5362.14080372496  43.90395
5362.97785632851  46.2146
5363.81490893205  50.87552
5364.65196153559  40.10106
5365.48901413914  40.64395
5366.32606674268  43.27492
5367.16311934622  43.37323
5368.00017194977  44.18474
5368.83722455331  48.144
5369.67427715686  48.02314
5370.5113297604  44.80547
5371.34838236394  42.77346
5372.18543496749  38.46637
5373.02248757103  37.66639
5373.85954017457  44.02296
5374.69659277812  47.62745
5375.53364538166  37.70213
5376.3706979852  39.25399
5377.20775058875  45.31858
5378.04480319229  44.79942
5378.88185579584  44.25862
5379.71890839938  43.60052
5380.55596100292  47.13597
5381.39301360647  43.97905
5382.23006621001  44.77493
5383.06711881355  48.93384
5383.9041714171  45.24763
5384.74122402064  48.41704
5385.57827662419  50.89633
5386.41532922773  48.75539
5387.25238183127  51.15902
5388.08943443482  50.62285
5388.92648703836  50.05534
5389.7635396419  50.95074
5390.60059224545  51.27221
5391.43764484899  52.46753
5392.27469745253  52.25155
5393.11175005608  42.10815
5393.94880265962  44.64342
5394.78585526317  53.41116
5395.62290786671  47.28332
5396.45996047025  46.61599
5397.2970130738  44.67734
5398.13406567734  43.8961
5398.97111828088  46.6743
5399.80817088443  45.77316
5400.64522348797  47.83725
5401.48227609151  49.35954
5402.31932869506  47.22551
5403.1563812986  46.67125
5403.99343390215  45.10279
5404.83048650569  41.94759
5405.66753910923  45.80947
5406.50459171278  47.7215
5407.34164431632  45.29463
5408.17869691986  47.63672
5409.01574952341  46.61469
5409.85280212695  44.06578
5410.68985473049  45.38633
5411.52690733404  46.41315
5412.36395993758  45.56908
5413.20101254113  48.29967
5414.03806514467  44.06883
5414.87511774821  47.92086
5415.71217035176  50.07711
5416.5492229553  46.05764
5417.38627555884  46.54103
5418.22332816239  47.78619
5419.06038076593  48.26354
5419.89743336948  53.25024
5420.73448597302  45.89987
5421.57153857656  49.30879
5422.40859118011  47.23486
5423.24564378365  49.97213
5424.08269638719  45.63065
5424.91974899074  44.23503
5425.75680159428  49.001
5426.59385419782  41.54778
5427.43090680137  39.74862
5428.26795940491  48.28761
5429.10501200846  44.42203
5429.942064612  41.38114
5430.77911721554  36.30577
5431.61616981909  38.62046
5432.45322242263  45.74469
5433.29027502617  41.39891
5434.12732762972  48.47358
5434.96438023326  42.59785
5435.8014328368  42.89291
5436.63848544035  41.68256
5437.47553804389  43.62835
5438.31259064744  46.66182
5439.14964325098  41.87464
5439.98669585452  51.3221
5440.82374845807  46.63538
5441.66080106161  48.61978
5442.49785366515  48.51748
5443.3349062687  48.25562
5444.17195887224  52.83512
5445.00901147578  38.70239
5445.84606407933  45.37527
5446.68311668287  44.93668
5447.52016928642  41.35683
5448.35722188996  37.06932
5449.1942744935  42.28944
5450.03132709705  48.63175
5450.86837970059  41.11944
5451.70543230413  48.1249
5452.54248490768  41.89673
5453.37953751122  45.41093
5454.21659011476  49.37563
5455.05364271831  49.20108
5455.89069532185  47.41193
5456.7277479254  49.3643
5457.56480052894  45.70715
5458.40185313248  38.06865
5459.23890573603  42.77872
5460.07595833957  43.98386
5460.91301094312  50.53124
5461.75006354666  46.28065
5462.5871161502  46.02142
5463.42416875375  50.04221
5464.26122135729  45.40743
5465.09827396083  48.0523
5465.93532656438  48.48465
5466.77237916792  42.44641
5467.60943177146  46.79411
5468.44648437501  48.89016
5469.28353697855  50.04529
5470.12058958209  47.60229
5470.95764218564  43.81376
5471.79469478918  44.15945
5472.63174739273  47.49107
5473.46879999627  51.44086
5474.30585259981  42.26538
5475.14290520336  43.44479
5475.9799578069  50.69805
5476.81701041044  48.70871
5477.65406301399  47.62757
5478.49111561753  43.42795
5479.32816822108  41.64668
5480.16522082462  47.72701
5481.00227342816  46.20655
5481.83932603171  47.01762
5482.67637863525  41.67386
5483.51343123879  45.43144
5484.35048384234  44.30592
5485.18753644588  42.06652
5486.02458904942  46.91528
5486.86164165297  46.58776
5487.69869425651  46.67936
5488.53574686006  48.59042
5489.3727994636  46.78912
5490.20985206714  43.40219
5491.04690467069  38.7381
5491.88395727423  40.1821
5492.72100987777  49.09242
5493.55806248132  48.25579
5494.39511508486  43.13248
5495.2321676884  40.63032
5496.06922029195  43.78009
5496.90627289549  45.72201
5497.74332549904  43.99474
5498.58037810258  51.93967
5499.41743070612  43.92986
5500.25448330967  41.29441
5501.09153591321  46.35112
5501.92858851675  45.36137
5502.7656411203  46.96696
5503.60269372384  44.96324
5504.43974632738  39.04928
5505.27679893093  43.77637
5506.11385153447  45.69366
5506.95090413802  44.24822
5507.78795674156  43.04988
5508.6250093451  36.4501
5509.46206194865  38.72172
5510.29911455219  41.23145
5511.13616715574  41.08259
5511.97321975928  44.60683
5512.81027236282  44.43473
5513.64732496637  45.62134
5514.48437756991  47.82782
5515.32143017345  46.3168
5516.158482777  46.00511
5516.99553538054  46.55243
5517.83258798408  42.58423
5518.66964058763  44.89624
5519.50669319117  53.00629
5520.34374579472  46.47248
5521.18079839826  50.97752
5522.0178510018  44.97476
5522.85490360535  48.66463
5523.69195620889  47.98309
5524.52900881243  48.97416
5525.36606141598  49.84583
5526.20311401952  47.71004
5527.04016662306  47.35008
5527.87721922661  48.43105
5528.71427183015  51.35927
5529.55132443369  50.67556
5530.38837703724  47.6255
5531.22542964078  41.3518
5532.06248224433  45.10536
5532.89953484787  46.67694
5533.73658745141  47.41451
5534.57364005496  46.28212
5535.4106926585  42.07067
5536.24774526204  45.28093
5537.08479786559  43.11148
5537.92185046913  40.62862
5538.75890307267  48.53197
5539.59595567622  45.34173
5540.43300827976  43.57247
5541.2700608833  42.60081
5542.10711348685  46.57004
5542.94416609039  47.0359
5543.78121869394  46.75965
5544.61827129748  48.65448
5545.45532390102  47.39696
5546.29237650457  50.90909
5547.12942910811  48.88092
5547.96648171166  50.70468
5548.8035343152  43.456
5549.64058691874  51.00698
5550.47763952229  52.3631
5551.31469212583  45.82469
5552.15174472937  50.61013
5552.98879733292  42.45564
5553.82584993646  49.762
5554.66290254  48.24763
5555.49995514355  51.02317
5556.33700774709  46.41809
5557.17406035064  47.71397
5558.01111295418  46.20022
5558.84816555772  41.68802
5559.68521816127  42.51347
5560.52227076481  43.19582
5561.35932336835  41.46289
5562.1963759719  47.05659
5563.03342857544  43.14404
5563.87048117899  43.96387
5564.70753378253  45.51167
5565.54458638607  48.94302
5566.38163898962  47.78216
5567.21869159316  54.89448
5568.0557441967  51.89322
5568.89279680025  44.51391
5569.72984940379  43.42773
5570.56690200733  43.02145
5571.40395461088  46.14156
5572.24100721442  40.21406
5573.07805981796  52.63446
5573.91511242151  94.30202
5574.75216502505  50.71375
5575.5892176286  61.71781
5576.42627023214  53.33382
5577.26332283568  17.82637
5578.10037543923  33.01989
5578.93742804277  22.03681
5579.77448064632  21.51259
5580.61153324986  29.81399
5581.4485858534  44.12579
5582.28563845695  47.36007
5583.12269106049  43.7523
5583.95974366403  43.94159
5584.79679626758  44.42147
5585.63384887112  41.50331
5586.47090147466  40.18897
5587.30795407821  42.67859
5588.14500668175  48.28111
5588.9820592853  41.48619
5589.81911188884  38.07545
5590.65616449238  42.49233
5591.49321709593  41.82268
5592.33026969947  39.93296
5593.16732230301  43.46915
5594.00437490656  43.9393
5594.8414275101  37.5189
5595.67848011364  40.19267
5596.51553271719  40.15168
5597.35258532073  40.58027
5598.18963792427  41.02174
5599.02669052782  48.40297
5599.86374313136  41.35582
5600.70079573491  43.71672
5601.53784833845  44.11741
5602.37490094199  55.97462
5603.21195354554  50.13903
5604.04900614908  43.61341
5604.88605875263  45.80452
5605.72311135617  51.97578
5606.56016395971  44.16651
5607.39721656326  41.0094
5608.2342691668  45.18472
5609.07132177034  51.18391
5609.90837437389  49.40087
5610.74542697743  54.20241
5611.58247958097  55.25052
5612.41953218452  45.776
5613.25658478806  44.76595
5614.0936373916  46.38073
5614.93068999515  52.504
5615.76774259869  44.53358
5616.60479520224  40.95797
5617.44184780578  36.24825
5618.27890040932  41.75113
5619.11595301287  41.54629
5619.95300561641  45.67619
5620.79005821995  46.85892
5621.6271108235  48.98318
5622.46416342704  47.87129
5623.30121603058  39.58287
5624.13826863413  36.54856
5624.97532123767  44.67369
5625.81237384122  46.22649
5626.64942644476  49.02574
5627.4864790483  46.74415
5628.32353165185  45.4935
5629.16058425539  39.87987
5629.99763685893  45.2269
5630.83468946248  44.84093
5631.67174206602  40.49128
5632.50879466956  46.70992
5633.34584727311  42.97675
5634.18289987665  45.06474
5635.0199524802  42.87247
5635.85700508374  47.38697
5636.69405768728  43.31843
5637.53111029083  44.35086
5638.36816289437  44.32401
5639.20521549792  46.12625
5640.04226810146  46.72772
5640.879320705  42.37488
5641.71637330855  34.8084
5642.55342591209  40.39835
5643.39047851563  44.51823
5644.22753111918  42.50198
5645.06458372272  44.10439
5645.90163632626  46.95369
5646.73868892981  56.21049
5647.57574153335  51.16155
5648.4127941369  47.32615
5649.24984674044  42.65396
5650.08689934398  44.39099
5650.92395194753  43.33604
5651.76100455107  42.42115
5652.59805715461  46.3339
5653.43510975816  46.5832
5654.2721623617  44.69941
5655.10921496524  41.74914
5655.94626756879  44.76
5656.78332017233  45.09415
5657.62037277588  47.01683
5658.45742537942  46.64615
5659.29447798296  41.11673
5660.13153058651  42.68847
5660.96858319005  45.10238
5661.80563579359  39.90925
5662.64268839714  47.00281
5663.47974100068  49.72124
5664.31679360422  50.13705
5665.15384620777  51.01945
5665.99089881131  49.0658
5666.82795141486  44.35411
5667.6650040184  46.06476
5668.50205662194  44.79603
5669.33910922549  50.59428
5670.17616182903  46.84468
5671.01321443257  44.87848
5671.85026703612  47.51963
5672.68731963966  45.90715
5673.5243722432  43.44525
5674.36142484675  42.68486
5675.19847745029  47.94028
5676.03553005384  47.32086
5676.87258265738  45.14712
5677.70963526092  42.10714
5678.54668786447  45.38403
5679.38374046801  44.14944
5680.22079307155  40.9593
5681.0578456751  41.96157
5681.89489827864  38.95909
5682.73195088218  42.10165
5683.56900348573  45.68372
5684.40605608927  41.26279
5685.24310869282  38.33271
5686.08016129636  40.45229
5686.9172138999  47.65774
5687.75426650345  45.44661
5688.59131910699  44.40894
5689.42837171053  50.73973
5690.26542431408  48.21329
5691.10247691762  42.4631
5691.93952952117  35.95506
5692.77658212471  42.12103
5693.61363472825  42.75904
5694.4506873318  47.43421
5695.28773993534  44.70611
5696.12479253888  46.39416
5696.96184514243  41.57769
5697.79889774597  46.03303
5698.63595034951  51.39857
5699.47300295306  42.41343
5700.3100555566  43.06072
5701.14710816015  43.81137
5701.98416076369  44.01359
5702.82121336723  54.42128
5703.65826597078  55.45449
5704.49531857432  41.02752
5705.33237117786  44.36032
5706.16942378141  48.80117
5707.00647638495  49.11564
5707.84352898849  52.28758
5708.68058159204  44.73801
5709.51763419558  49.7435
5710.35468679913  46.48997
5711.19173940267  46.95311
5712.02879200621  46.17944
5712.86584460976  46.21165
5713.7028972133  35.92651
5714.53994981684  40.20372
5715.37700242039  49.45765
5716.21405502393  46.86263
5717.05110762747  42.46609
5717.88816023102  47.19994
5718.72521283456  45.88668
5719.56226543811  45.88241
5720.39931804165  42.88378
5721.23637064519  45.76973
5722.07342324874  48.92511
5722.91047585228  42.95576
5723.74752845583  40.00015
5724.58458105937  45.69925
5725.42163366291  46.65626
5726.25868626645  49.63409
5727.09573887  46.9991
5727.93279147354  45.4611
5728.76984407709  45.25999
5729.60689668063  43.93478
5730.44394928417  48.5169
5731.28100188772  38.7385
5732.11805449126  42.01358
5732.95510709481  47.48158
5733.79215969835  47.46687
5734.62921230189  44.83939
5735.46626490544  38.90941
5736.30331750898  43.6745
5737.14037011252  47.70786
5737.97742271607  43.00621
5738.81447531961  39.77349
5739.65152792315  36.19742
5740.4885805267  39.42031
5741.32563313024  41.33609
5742.16268573379  40.07342
5742.99973833733  41.53105
5743.83679094087  50.41787
5744.67384354442  52.04016
5745.51089614796  45.91509
5746.3479487515  47.09189
5747.18500135505  45.40227
5748.02205395859  44.2359
5748.85910656213  49.64308
5749.69615916568  46.72409
5750.53321176922  44.76043
5751.37026437277  46.69632
5752.20731697631  52.09498
5753.04436957985  49.45721
5753.8814221834  50.99313
5754.71847478694  43.74787
5755.55552739048  36.54167
5756.39257999403  49.00558
5757.22963259757  53.25713
5758.06668520111  47.96961
5758.90373780466  44.59414
5759.7407904082  40.94211
5760.57784301175  45.00425
5761.41489561529  47.46147
5762.25194821883  45.93383
5763.08900082238  43.0803
5763.92605342592  43.26279
5764.76310602946  43.18068
5765.60015863301  47.22682
5766.43721123655  52.24251
5767.27426384009  48.71889
5768.11131644364  44.06524
5768.94836904718  46.47036
5769.78542165073  49.91497
5770.62247425427  51.78452
5771.45952685781  45.89694
5772.29657946136  48.94558
5773.1336320649  48.02105
5773.97068466844  48.27164
5774.80773727199  44.25761
5775.64478987553  47.6068
5776.48184247907  47.53423
5777.31889508262  42.21891
5778.15594768616  46.37146
5778.99300028971  46.88514
5779.83005289325  51.03702
5780.66710549679  48.72735
5781.50415810034  41.88917
5782.34121070388  37.26422
5783.17826330743  42.66466
5784.01531591097  37.92718
5784.85236851451  42.59935
5785.68942111806  45.9358
5786.5264737216  45.20898
5787.36352632514  45.01625
5788.20057892869  42.41214
5789.03763153223  42.35154
5789.87468413577  47.79437
5790.71173673932  44.83921
5791.54878934286  42.68251
5792.38584194641  43.90415
5793.22289454995  51.6995
5794.05994715349  50.24796
5794.89699975704  47.39384
5795.73405236058  44.94214
5796.57110496412  43.6316
5797.40815756767  48.29493
5798.24521017121  48.05486
5799.08226277475  45.03618
5799.9193153783  44.11923
5800.75636798184  41.4018
5801.59342058538  42.41586
5802.43047318893  44.85737
5803.26752579247  47.11436
5804.10457839602  48.09021
5804.94163099956  45.95736
5805.7786836031  47.1467
5806.61573620665  51.99025
5807.45278881019  45.35531
5808.28984141373  45.79251
5809.12689401728  46.71721
5809.96394662082  49.35994
5810.80099922437  47.10633
5811.63805182791  43.44599
5812.47510443145  45.81099
5813.312157035  42.78744
5814.14920963854  39.53663
5814.98626224208  50.34667
5815.82331484563  49.94331
5816.66036744917  51.8708
5817.49742005271  42.18562
5818.33447265626  53.92647
