4099.5673828125  9.289919
4100.40587610382  9.612643
4101.24436939514  11.21527
4102.08286268645  12.05983
4102.92135597777  14.3783
4103.75984926908  10.2889
4104.5983425604  9.894073
4105.43683585172  13.95938
4106.27532914303  17.32353
4107.11382243435  17.50365
4107.95231572566  11.88194
4108.79080901698  11.35755
4109.6293023083  12.30856
4110.46779559961  12.65006
4111.30628889093  15.36172
4112.14478218224  15.56629
4112.98327547356  16.58831
4113.82176876487  13.29351
4114.66026205619  13.08919
4115.49875534751  10.06022
4116.33724863882  10.13621
4117.17574193014  11.48325
4118.01423522145  12.23558
4118.85272851277  10.37281
4119.69122180409  7.204459
4120.5297150954  11.44752
4121.36820838672  10.41037
4122.20670167803  8.117757
4123.04519496935  8.549055
4123.88368826067  7.807338
4124.72218155198  9.189522
4125.5606748433  12.21167
4126.39916813461  8.015385
4127.23766142593  13.1541
4128.07615471724  14.15642
4128.91464800856  13.5073
4129.75314129988  12.95673
4130.59163459119  10.21678
4131.43012788251  8.740383
4132.26862117382  11.77448
4133.10711446514  15.27501
4133.94560775646  12.94529
4134.78410104777  14.03208
4135.62259433909  14.50973
4136.4610876304  15.66038
4137.29958092172  11.19248
4138.13807421304  11.6964
4138.97656750435  10.73388
4139.81506079567  9.56726
4140.65355408698  10.73131
4141.4920473783  12.27286
4142.33054066962  9.214576
4143.16903396093  12.40902
4144.00752725225  11.30764
4144.84602054356  12.85929
4145.68451383488  10.40272
4146.52300712619  11.04604
4147.36150041751  12.04233
4148.19999370883  11.00792
4149.03848700014  11.08698
4149.87698029146  8.624899
4150.71547358277  8.594746
4151.55396687409  8.466007
4152.39246016541  9.581018
4153.23095345672  9.809774
4154.06944674804  12.52521
4154.90794003935  14.10585
4155.74643333067  11.67841
4156.58492662198  10.60181
4157.4234199133  9.02995
4158.26191320462  7.980874
4159.10040649593  8.89767
4159.93889978725  13.6915
4160.77739307856  13.42065
4161.61588636988  12.86197
4162.4543796612  12.0105
4163.29287295251  11.99271
4164.13136624383  12.59681
4164.96985953514  10.90935
4165.80835282646  12.69181
4166.64684611778  14.11283
4167.48533940909  11.4206
4168.32383270041  12.92174
4169.16232599172  11.86845
4170.00081928304  9.846655
4170.83931257435  9.597765
4171.67780586567  10.71193
4172.51629915699  13.63708
4173.3547924483  8.620878
4174.19328573962  7.519692
4175.03177903093  11.25093
4175.87027232225  15.85119
4176.70876561357  13.8909
4177.54725890488  12.89172
4178.3857521962  11.28784
4179.22424548751  13.06856
4180.06273877883  9.297062
4180.90123207015  11.7623
4181.73972536146  14.38547
4182.57821865278  14.24541
4183.41671194409  12.62974
4184.25520523541  13.20762
4185.09369852673  15.42201
4185.93219181804  14.24363
4186.77068510936  12.61475
4187.60917840067  12.76522
4188.44767169199  15.37247
4189.28616498331  12.23686
4190.12465827462  12.08749
4190.96315156594  14.96537
4191.80164485725  10.16921
4192.64013814857  8.903294
4193.47863143988  7.517513
4194.3171247312  10.88833
4195.15561802252  8.689336
4195.99411131383  10.46647
4196.83260460515  12.85414
4197.67109789646  11.64662
4198.50959118778  8.200842
4199.3480844791  10.15936
4200.18657777041  15.34414
4201.02507106173  12.13568
4201.86356435304  14.85654
4202.70205764436  14.3705
4203.54055093567  12.34458
4204.37904422699  11.94793
4205.21753751831  11.57364
4206.05603080962  10.80296
4206.89452410094  13.27035
4207.73301739226  10.08122
4208.57151068357  11.25978
4209.41000397489  12.73397
4210.2484972662  15.65635
4211.08699055752  15.29198
4211.92548384883  13.45093
4212.76397714015  14.05034
4213.60247043147  14.68518
4214.44096372278  16.68892
4215.2794570141  14.86127
4216.11795030541  10.68804
4216.95644359673  13.14577
4217.79493688805  13.04162
4218.63343017936  14.37712
4219.47192347068  12.21731
4220.31041676199  12.1197
4221.14891005331  12.26071
4221.98740334463  12.13674
4222.82589663594  12.43574
4223.66438992726  15.7642
4224.50288321857  13.79485
4225.34137650989  7.232293
4226.1798698012  10.23415
4227.01836309252  13.62227
4227.85685638384  14.44011
4228.69534967515  11.70758
4229.53384296647  13.3778
4230.37233625778  12.5617
4231.2108295491  11.89544
4232.04932284042  11.62155
4232.88781613173  15.83752
4233.72630942305  14.87241
4234.56480271436  12.39191
4235.40329600568  12.47767
4236.241789297  13.74834
4237.08028258831  15.48489
4237.91877587963  16.16431
4238.75726917094  13.33622
4239.59576246226  16.14887
4240.43425575357  15.47943
4241.27274904489  14.87962
4242.11124233621  14.23387
4242.94973562752  13.26225
4243.78822891884  12.76813
4244.62672221015  10.79974
4245.46521550147  12.03983
4246.30370879279  11.69833
4247.1422020841  11.51286
4247.98069537542  11.74778
4248.81918866673  11.56901
4249.65768195805  12.42815
4250.49617524937  11.88907
4251.33466854068  16.21191
4252.173161832  15.10843
4253.01165512331  15.86016
4253.85014841463  15.46263
4254.68864170594  16.25422
4255.52713499726  14.59187
4256.36562828858  14.46677
4257.20412157989  12.8329
4258.04261487121  13.14985
4258.88110816252  14.8485
4259.71960145384  16.35568
4260.55809474516  14.20017
4261.39658803647  13.96943
4262.23508132779  14.25979
4263.0735746191  12.9601
4263.91206791042  16.07561
4264.75056120174  17.98072
4265.58905449305  16.11827
4266.42754778437  15.73893
4267.26604107568  10.73805
4268.104534367  11.1758
4268.94302765831  13.55372
4269.78152094963  14.94786
4270.62001424095  12.508
4271.45850753226  11.48008
4272.29700082358  15.49526
4273.13549411489  21.4675
4273.97398740621  19.20978
4274.81248069753  14.59806
4275.65097398884  14.58198
4276.48946728016  17.57586
4277.32796057147  14.14734
4278.16645386279  14.82495
4279.0049471541  14.68469
4279.84344044542  16.32229
4280.68193373674  13.21678
4281.52042702805  13.40639
4282.35892031937  16.86014
4283.19741361068  17.73349
4284.035906902  17.5753
4284.87440019332  16.43876
4285.71289348463  17.11682
4286.55138677595  19.72664
4287.38988006726  16.01985
4288.22837335858  14.74725
4289.0668666499  15.07713
4289.90535994121  16.65052
4290.74385323253  17.04741
4291.58234652384  15.73451
4292.42083981516  15.99084
4293.25933310648  14.00228
4294.09782639779  16.56054
4294.93631968911  15.36617
4295.77481298042  12.21308
4296.61330627174  13.51068
4297.45179956305  16.79
4298.29029285437  14.99351
4299.12878614569  13.51515
4299.967279437  15.16992
4300.80577272832  14.41475
4301.64426601963  16.87887
4302.48275931095  17.97887
4303.32125260227  15.13372
4304.15974589358  14.85029
4304.9982391849  15.77228
4305.83673247621  15.30578
4306.67522576753  14.82914
4307.51371905885  16.23263
4308.35221235016  15.47967
4309.19070564148  14.41336
4310.02919893279  12.04916
4310.86769222411  12.97106
4311.70618551543  13.00747
4312.54467880674  15.55862
4313.38317209806  13.77794
4314.22166538937  13.51727
4315.06015868069  9.909872
4315.898651972  13.43306
4316.73714526332  17.64162
4317.57563855464  19.08803
4318.41413184595  13.87074
4319.25262513727  13.02842
4320.09111842858  11.53232
4320.9296117199  14.20992
4321.76810501122  15.54454
4322.60659830253  14.98711
4323.44509159385  14.3938
4324.28358488516  11.49915
4325.12207817648  13.51108
4325.9605714678  13.99955
4326.79906475911  15.71294
4327.63755805043  12.70209
4328.47605134174  11.1625
4329.31454463306  11.17554
4330.15303792437  12.38322
4330.99153121569  12.37364
4331.83002450701  11.8439
4332.66851779832  12.00633
4333.50701108964  15.43144
4334.34550438095  16.24207
4335.18399767227  12.65653
4336.02249096359  15.41574
4336.8609842549  16.79961
4337.69947754622  16.51978
4338.53797083753  17.11765
4339.37646412885  18.51913
4340.21495742017  17.4082
4341.05345071148  16.60619
4341.8919440028  16.22441
4342.73043729411  18.216
4343.56893058543  16.93562
4344.40742387674  16.08234
4345.24591716806  17.04237
4346.08441045938  11.99023
4346.92290375069  13.45766
4347.76139704201  15.04321
4348.59989033332  14.79758
4349.43838362464  12.39456
4350.27687691596  15.53827
4351.11537020727  18.91351
4351.95386349859  17.15635
4352.7923567899  20.04833
4353.63085008122  21.00826
4354.46934337254  17.70568
4355.30783666385  16.35378
4356.14632995517  16.32327
4356.98482324648  17.46177
4357.8233165378  14.82042
4358.66180982912  14.64228
4359.50030312043  12.5421
4360.33879641175  13.29477
4361.17728970306  12.51888
4362.01578299438  11.95225
4362.8542762857  14.46518
4363.69276957701  14.74771
4364.53126286833  17.75132
4365.36975615964  14.93968
4366.20824945096  14.88114
4367.04674274227  15.94438
4367.88523603359  16.96149
4368.72372932491  18.05413
4369.56222261622  17.38204
4370.40071590754  17.83179
4371.23920919885  19.55916
4372.07770249017  19.37093
4372.91619578149  11.81731
4373.7546890728  16.10147
4374.59318236412  15.30057
4375.43167565543  15.72753
4376.27016894675  15.5804
4377.10866223807  17.77672
4377.94715552938  21.9227
4378.7856488207  19.01178
4379.62414211201  18.96477
4380.46263540333  16.83377
4381.30112869464  14.9344
4382.13962198596  17.67916
4382.97811527728  14.98976
4383.81660856859  14.20284
4384.65510185991  15.16029
4385.49359515122  18.60914
4386.33208844254  17.12627
4387.17058173386  13.99649
4388.00907502517  17.50503
4388.84756831649  19.15563
4389.6860616078  18.1499
4390.52455489912  15.69221
4391.36304819043  17.94546
4392.20154148175  16.73857
4393.04003477307  15.29361
4393.87852806438  17.17724
4394.7170213557  16.86572
4395.55551464701  17.8301
4396.39400793833  18.58471
4397.23250122965  18.84866
4398.07099452096  18.59275
4398.90948781228  19.29111
4399.74798110359  17.62059
4400.58647439491  19.21279
4401.42496768623  18.17586
4402.26346097754  18.10676
4403.10195426886  18.72688
4403.94044756017  18.73135
4404.77894085149  13.76713
4405.6174341428  16.90605
4406.45592743412  16.45103
4407.29442072544  17.0196
4408.13291401675  16.22159
4408.97140730807  14.77572
4409.80990059938  15.49314
4410.6483938907  17.0271
4411.48688718202  20.22504
4412.32538047333  22.31107
4413.16387376465  16.74645
4414.00236705596  16.90446
4414.84086034728  20.0076
4415.6793536386  20.78096
4416.51784692991  18.77832
4417.35634022123  18.56451
4418.19483351254  17.15353
4419.03332680386  20.19182
4419.87182009518  16.73411
4420.71031338649  16.61131
4421.54880667781  18.22803
4422.38729996912  20.99265
4423.22579326044  19.07601
4424.06428655176  17.20578
4424.90277984307  16.62341
4425.74127313439  17.99203
4426.5797664257  16.87028
4427.41825971702  19.98256
4428.25675300833  16.37219
4429.09524629965  17.25166
4429.93373959097  18.56071
4430.77223288228  17.64649
4431.6107261736  16.20875
4432.44921946491  18.79924
4433.28771275623  18.0876
4434.12620604755  19.88412
4434.96469933886  21.36476
4435.80319263018  15.99285
4436.64168592149  17.51771
4437.48017921281  15.46971
4438.31867250413  18.10342
4439.15716579544  18.45406
4439.99565908676  18.86629
4440.83415237807  21.93972
4441.67264566939  22.18763
4442.5111389607  19.07028
4443.34963225202  16.71805
4444.18812554334  20.57717
4445.02661883465  23.99922
4445.86511212597  21.40855
4446.70360541728  19.64186
4447.5420987086  15.72752
4448.38059199992  16.71835
4449.21908529123  18.44494
4450.05757858255  16.17925
4450.89607187386  16.2822
4451.73456516518  18.64809
4452.5730584565  18.53255
4453.41155174781  16.04191
4454.25004503913  17.61153
4455.08853833044  18.83686
4455.92703162176  17.39244
4456.76552491307  17.59626
4457.60401820439  17.82864
4458.44251149571  17.01558
4459.28100478702  19.06653
4460.11949807834  19.82428
4460.95799136965  23.19675
4461.79648466097  21.12964
4462.63497795229  19.16621
4463.4734712436  18.04085
4464.31196453492  17.4443
4465.15045782623  20.27646
4465.98895111755  18.24299
4466.82744440887  19.46377
4467.66593770018  19.35284
4468.5044309915  18.57235
4469.34292428281  20.09647
4470.18141757413  21.88024
4471.01991086545  20.49681
4471.85840415676  18.10349
4472.69689744808  20.51095
4473.53539073939  21.97301
4474.37388403071  19.16095
4475.21237732203  18.34482
4476.05087061334  18.65987
4476.88936390466  17.39879
4477.72785719597  16.54164
4478.56635048729  19.00615
4479.4048437786  20.46622
4480.24333706992  17.15227
4481.08183036124  17.22689
4481.92032365255  15.38919
4482.75881694387  16.91715
4483.59731023518  18.16763
4484.4358035265  17.06878
4485.27429681781  17.48406
4486.11279010913  17.79986
4486.95128340045  19.88512
4487.78977669176  19.09699
4488.62826998308  19.72609
4489.4667632744  20.55926
4490.30525656571  19.73235
4491.14374985703  19.73271
4491.98224314834  21.63535
4492.82073643966  19.60865
4493.65922973097  21.8831
4494.49772302229  17.0718
4495.33621631361  17.84926
4496.17470960492  22.07241
4497.01320289624  21.53755
4497.85169618755  21.24185
4498.69018947887  23.70826
4499.52868277019  26.57925
4500.3671760615  27.36161
4501.20566935282  19.10168
4502.04416264413  19.06824
4502.88265593545  22.57502
4503.72114922676  20.39282
4504.55964251808  19.00886
4505.3981358094  21.6595
4506.23662910071  21.31709
4507.07512239203  21.7704
4507.91361568334  25.44679
4508.75210897466  23.53023
4509.59060226597  20.88472
4510.42909555729  22.15339
4511.26758884861  21.43893
4512.10608213992  19.8441
4512.94457543124  21.4638
4513.78306872255  21.85609
4514.62156201387  21.57063
4515.46005530519  18.36464
4516.2985485965  18.38298
4517.13704188782  20.58003
4517.97553517913  17.88793
4518.81402847045  17.4645
4519.65252176177  17.39834
4520.49101505308  23.66919
4521.3295083444  21.25319
4522.16800163571  21.29028
4523.00649492703  26.95505
4523.84498821835  22.44366
4524.68348150966  20.28879
4525.52197480098  23.10393
4526.36046809229  24.72015
4527.19896138361  20.31189
4528.03745467493  22.45759
4528.87594796624  22.8463
4529.71444125756  20.13718
4530.55293454887  21.10924
4531.39142784019  21.64815
4532.2299211315  19.20304
4533.06841442282  22.59577
4533.90690771414  26.59487
4534.74540100545  19.55641
4535.58389429677  19.13095
4536.42238758808  17.96447
4537.2608808794  19.92846
4538.09937417072  23.15691
4538.93786746203  22.73279
4539.77636075335  19.4758
4540.61485404466  21.60252
4541.45334733598  20.70894
4542.2918406273  21.6408
4543.13033391861  23.41668
4543.96882720993  19.87154
4544.80732050124  22.99784
4545.64581379256  25.01019
4546.48430708388  22.46582
4547.32280037519  18.39687
4548.16129366651  17.11018
4548.99978695782  20.41621
4549.83828024914  22.24
4550.67677354046  21.36089
4551.51526683177  20.25175
4552.35376012309  19.36782
4553.1922534144  21.2986
4554.03074670572  22.34431
4554.86923999703  20.47979
4555.70773328835  20.36332
4556.54622657967  19.46469
4557.38471987098  17.50004
4558.2232131623  20.43922
4559.06170645361  22.63659
4559.90019974493  20.28537
4560.73869303624  20.72595
4561.57718632756  19.98541
4562.41567961888  18.29846
4563.25417291019  14.18833
4564.09266620151  19.8867
4564.93115949282  24.90904
4565.76965278414  25.20663
4566.60814607546  17.88102
4567.44663936677  19.83978
4568.28513265809  21.29983
4569.1236259494  18.90133
4569.96211924072  20.9218
4570.80061253204  21.37044
4571.63910582335  21.38388
4572.47759911467  18.70452
4573.31609240598  18.6374
4574.1545856973  21.15844
4574.99307898862  20.90719
4575.83157227993  19.75972
4576.67006557125  20.98437
4577.50855886256  21.57533
4578.34705215388  20.8648
4579.18554544519  23.39478
4580.02403873651  22.75046
4580.86253202783  21.69078
4581.70102531914  20.49966
4582.53951861046  20.38733
4583.37801190177  23.78421
4584.21650519309  22.4197
4585.05499848441  26.11551
4585.89349177572  21.5456
4586.73198506704  20.41147
4587.57047835835  24.07006
4588.40897164967  21.93497
4589.24746494099  22.10602
4590.0859582323  21.28149
4590.92445152362  22.01736
4591.76294481493  20.66777
4592.60143810625  20.1381
4593.43993139757  23.76317
4594.27842468888  23.21371
4595.1169179802  22.79134
4595.95541127151  24.67546
4596.79390456283  25.52351
4597.63239785415  22.57369
4598.47089114546  21.39318
4599.30938443678  19.04646
4600.14787772809  20.52498
4600.98637101941  20.52717
4601.82486431072  16.77126
4602.66335760204  20.46232
4603.50185089336  18.89365
4604.34034418467  19.36403
4605.17883747599  23.2523
4606.0173307673  23.09019
4606.85582405862  22.24737
4607.69431734993  17.93317
4608.53281064125  20.16449
4609.37130393257  22.82184
4610.20979722388  24.91039
4611.0482905152  25.02744
4611.88678380651  20.66977
4612.72527709783  22.95277
4613.56377038915  21.39636
4614.40226368046  20.52896
4615.24075697178  21.11344
4616.07925026309  20.54758
4616.91774355441  22.54434
4617.75623684573  22.46052
4618.59473013704  24.77435
4619.43322342836  24.51465
4620.27171671967  19.35587
4621.11021001099  18.99782
4621.9487033023  22.30468
4622.78719659362  21.30762
4623.62568988494  19.54501
4624.46418317625  19.07407
4625.30267646757  23.80906
4626.14116975889  26.47915
4626.9796630502  24.42588
4627.81815634152  22.17369
4628.65664963283  25.36874
4629.49514292415  25.33845
4630.33363621546  23.86269
4631.17212950678  25.59488
4632.0106227981  26.09422
4632.84911608941  23.4281
4633.68760938073  23.3403
4634.52610267204  20.54678
4635.36459596336  20.26205
4636.20308925468  25.06538
4637.04158254599  24.94651
4637.88007583731  21.60166
4638.71856912862  19.97743
4639.55706241994  23.79913
4640.39555571126  24.47221
4641.23404900257  24.44868
4642.07254229389  20.16119
4642.9110355852  20.27703
4643.74952887652  22.35588
4644.58802216783  24.51261
4645.42651545915  23.49257
4646.26500875047  24.45411
4647.10350204178  23.43521
4647.9419953331  24.33948
4648.78048862441  24.58884
4649.61898191573  25.12197
4650.45747520705  24.42479
4651.29596849836  21.70601
4652.13446178968  22.22198
4652.97295508099  24.07078
4653.81144837231  23.30434
4654.64994166363  24.86683
4655.48843495494  23.75492
4656.32692824626  22.20948
4657.16542153757  25.87262
4658.00391482889  25.82947
4658.84240812021  24.54998
4659.68090141152  23.62222
4660.51939470284  21.14811
4661.35788799415  23.78537
4662.19638128547  23.66036
4663.03487457678  24.69173
4663.8733678681  24.35593
4664.71186115942  25.49995
4665.55035445073  24.69314
4666.38884774205  24.91455
4667.22734103336  24.86607
4668.06583432468  22.65245
4668.904327616  21.50639
4669.74282090731  18.20686
4670.58131419863  20.29045
4671.41980748994  25.81231
4672.25830078126  26.34019
4673.09679407257  26.05349
4673.93528736389  25.26757
4674.77378065521  22.72788
4675.61227394652  22.9845
4676.45076723784  26.43246
4677.28926052915  24.30663
4678.12775382047  22.91607
4678.96624711179  25.19151
4679.8047404031  26.4736
4680.64323369442  26.47624
4681.48172698573  29.4703
4682.32022027705  29.1067
4683.15871356837  22.15858
4683.99720685968  24.57244
4684.835700151  27.1906
4685.67419344231  29.10443
4686.51268673363  26.89006
4687.35118002495  29.23113
4688.18967331626  25.467
4689.02816660758  23.77035
4689.86665989889  21.55787
4690.70515319021  23.14196
4691.54364648152  25.08024
4692.38213977284  23.88679
4693.22063306416  27.8303
4694.05912635547  24.83675
4694.89761964679  23.31916
4695.7361129381  22.13781
4696.57460622942  23.4968
4697.41309952074  24.18173
4698.25159281205  24.0562
4699.09008610337  26.81379
4699.92857939468  26.19612
4700.767072686  24.16456
4701.60556597732  23.1426
4702.44405926863  22.43695
4703.28255255995  22.21348
4704.12104585126  24.82607
4704.95953914258  23.33386
4705.7980324339  22.70788
4706.63652572521  24.0528
4707.47501901653  24.93111
4708.31351230784  24.27827
4709.15200559916  24.59167
4709.99049889048  23.05006
4710.82899218179  24.78637
4711.66748547311  24.10609
4712.50597876442  22.6344
4713.34447205574  20.85364
4714.18296534705  24.67823
4715.02145863837  23.34533
4715.85995192969  23.93095
4716.698445221  27.99166
4717.53693851232  27.15377
4718.37543180363  22.93456
4719.21392509495  26.57072
4720.05241838626  26.04171
4720.89091167758  22.8275
4721.7294049689  22.63073
4722.56789826021  23.54606
4723.40639155153  28.74429
4724.24488484284  28.3306
4725.08337813416  24.59761
4725.92187142548  25.14433
4726.76036471679  21.20694
4727.59885800811  21.69551
4728.43735129942  23.8762
4729.27584459074  21.60542
4730.11433788206  21.81203
4730.95283117337  23.82168
4731.79132446469  24.77899
4732.629817756  24.83394
4733.46831104732  24.51061
4734.30680433863  24.70253
4735.14529762995  26.81454
4735.98379092127  24.16971
4736.82228421258  20.68903
4737.6607775039  28.40007
4738.49927079521  26.4214
4739.33776408653  23.73881
4740.17625737785  25.36978
4741.01475066916  27.16227
4741.85324396048  23.45922
4742.69173725179  22.14004
4743.53023054311  26.25032
4744.36872383443  24.38376
4745.20721712574  24.59444
4746.04571041706  27.39359
4746.88420370837  25.49451
4747.72269699969  23.93886
4748.561190291  20.75125
4749.39968358232  22.62952
4750.23817687364  24.09878
4751.07667016495  21.78968
4751.91516345627  21.83808
4752.75365674758  22.3456
4753.5921500389  26.61726
4754.43064333022  24.91379
4755.26913662153  26.98273
4756.10762991285  24.69176
4756.94612320416  23.82342
4757.78461649548  22.27345
4758.6231097868  24.61831
4759.46160307811  22.91666
4760.30009636943  28.69048
4761.13858966074  29.95733
4761.97708295206  23.52821
4762.81557624338  23.7801
4763.65406953469  23.08122
4764.49256282601  28.32346
4765.33105611732  25.26339
4766.16954940864  28.88058
4767.00804269995  27.5781
4767.84653599127  30.15755
4768.68502928259  27.60735
4769.5235225739  28.27188
4770.36201586522  28.58602
4771.20050915653  26.60387
4772.03900244785  24.47351
4772.87749573917  23.50307
4773.71598903048  26.98739
4774.5544823218  26.35642
4775.39297561311  22.73365
4776.23146890443  21.14705
4777.06996219575  26.91054
4777.90845548706  27.88465
4778.74694877838  21.3077
4779.58544206969  20.89957
4780.42393536101  21.92045
4781.26242865232  24.5714
4782.10092194364  26.1569
4782.93941523496  25.25102
4783.77790852627  24.83009
4784.61640181759  24.1974
4785.4548951089  23.20697
4786.29338840022  22.87906
4787.13188169154  21.40152
4787.97037498285  21.78252
4788.80886827417  20.94304
4789.64736156548  21.69239
4790.4858548568  25.17046
4791.32434814812  31.44478
4792.16284143943  26.54072
4793.00133473075  22.54117
4793.83982802206  27.79571
4794.67832131338  24.19687
4795.5168146047  23.24349
4796.35530789601  27.73696
4797.19380118733  29.34187
4798.03229447864  27.46164
4798.87078776996  28.89381
4799.70928106127  27.27361
4800.54777435259  28.59804
4801.38626764391  24.83634
4802.22476093522  27.19553
4803.06325422654  26.8813
4803.90174751785  24.92478
4804.74024080917  26.28613
4805.57873410049  24.03904
4806.4172273918  28.67249
4807.25572068312  28.95083
4808.09421397443  28.81657
4808.93270726575  28.40291
4809.77120055707  25.58421
4810.60969384838  23.44497
4811.4481871397  24.27437
4812.28668043101  23.78171
4813.12517372233  25.02314
4813.96366701365  26.39375
4814.80216030496  29.11462
4815.64065359628  26.74059
4816.47914688759  28.98289
4817.31764017891  28.67921
4818.15613347022  24.86132
4818.99462676154  27.55531
4819.83312005286  27.02454
4820.67161334417  24.50939
4821.51010663549  27.44486
4822.3485999268  27.7273
4823.18709321812  25.23859
4824.02558650944  26.88437
4824.86407980075  23.37873
4825.70257309207  23.73836
4826.54106638338  25.7971
4827.3795596747  24.19059
4828.21805296602  22.20681
4829.05654625733  27.51192
4829.89503954865  28.67297
4830.73353283996  25.00317
4831.57202613128  22.96887
4832.41051942259  24.71223
4833.24901271391  27.00221
4834.08750600523  28.77003
4834.92599929654  29.12087
4835.76449258786  29.69828
4836.60298587917  24.69593
4837.44147917049  21.85585
4838.27997246181  22.06428
4839.11846575312  23.36772
4839.95695904444  28.36962
4840.79545233575  26.83559
4841.63394562707  26.74529
4842.47243891838  29.20782
4843.3109322097  28.11972
4844.14942550102  27.04063
4844.98791879233  30.31406
4845.82641208365  25.83083
4846.66490537496  27.18943
4847.50339866628  25.19139
4848.3418919576  29.408
4849.18038524891  25.34217
4850.01887854023  26.14136
4850.85737183154  28.96396
4851.69586512286  28.00239
4852.53435841418  26.73744
4853.37285170549  28.17811
4854.21134499681  27.05478
4855.04983828812  27.98977
4855.88833157944  27.54945
4856.72682487076  26.44032
4857.56531816207  27.17574
4858.40381145339  28.14261
4859.2423047447  26.89425
4860.08079803602  25.62526
4860.91929132733  23.84295
4861.75778461865  25.77464
4862.59627790997  25.62979
4863.43477120128  26.95791
4864.2732644926  26.07905
4865.11175778391  29.32504
4865.95025107523  31.30449
4866.78874436655  27.40041
4867.62723765786  27.76213
4868.46573094918  26.42423
4869.30422424049  24.46291
4870.14271753181  24.63298
4870.98121082313  24.63094
4871.81970411444  27.04982
4872.65819740576  25.78971
4873.49669069707  26.0203
4874.33518398839  31.21166
4875.17367727971  29.95204
4876.01217057102  27.95801
4876.85066386234  25.41068
4877.68915715365  24.42805
4878.52765044497  25.06522
4879.36614373628  27.09489
4880.2046370276  26.1114
4881.04313031892  25.04382
4881.88162361023  26.95351
4882.72011690155  24.19906
4883.55861019286  22.47635
4884.39710348418  26.38485
4885.2355967755  19.41422
4886.07409006681  20.33336
4886.91258335813  23.30486
4887.75107664944  24.72891
4888.58956994076  27.94455
4889.42806323208  29.09661
4890.26655652339  29.65375
4891.10504981471  28.66067
4891.94354310602  24.69943
4892.78203639734  23.86251
4893.62052968865  23.36703
4894.45902297997  26.17577
4895.29751627129  24.69878
4896.1360095626  25.89093
4896.97450285392  31.21331
4897.81299614523  25.32957
4898.65148943655  23.15699
4899.48998272787  21.95353
4900.32847601918  25.63471
4901.1669693105  24.11056
4902.00546260181  27.33003
4902.84395589313  31.08008
4903.68244918445  27.89023
4904.52094247576  22.48129
4905.35943576708  22.88145
4906.19792905839  24.48875
4907.03642234971  24.40439
4907.87491564103  25.00512
4908.71340893234  24.93101
4909.55190222366  24.94707
4910.39039551497  24.42964
4911.22888880629  25.30828
4912.0673820976  25.16124
4912.90587538892  24.74587
4913.74436868024  25.02591
4914.58286197155  24.20986
4915.42135526287  22.78515
4916.25984855418  25.47436
4917.0983418455  29.82018
4917.93683513682  33.20286
4918.77532842813  32.66154
4919.61382171945  29.15112
4920.45231501076  29.1485
4921.29080830208  28.47948
4922.1293015934  27.24229
4922.96779488471  26.93909
4923.80628817603  26.71924
4924.64478146734  27.79525
4925.48327475866  28.6673
4926.32176804998  26.54133
4927.16026134129  26.20664
4927.99875463261  26.86172
4928.83724792392  27.86552
4929.67574121524  25.08604
4930.51423450655  26.37065
4931.35272779787  29.04322
4932.19122108919  24.25488
4933.0297143805  28.03299
4933.86820767182  24.56011
4934.70670096313  24.2417
4935.54519425445  25.81165
4936.38368754577  25.40524
4937.22218083708  25.31947
4938.0606741284  26.4031
4938.89916741971  29.05422
4939.73766071103  31.79789
4940.57615400235  30.44014
4941.41464729366  29.00854
4942.25314058498  24.64201
4943.09163387629  23.85496
4943.93012716761  25.85872
4944.76862045892  24.89757
4945.60711375024  27.14408
4946.44560704156  26.06263
4947.28410033287  27.95701
4948.12259362419  24.61135
4948.9610869155  23.02347
4949.79958020682  27.48851
4950.63807349814  31.2267
4951.47656678945  27.32892
4952.31506008077  25.15679
4953.15355337208  31.55498
4953.9920466634  26.86728
4954.83053995471  29.46981
4955.66903324603  29.6916
4956.50752653735  29.1582
4957.34601982866  26.35139
4958.18451311998  25.79397
4959.02300641129  28.17699
4959.86149970261  31.91024
4960.69999299393  26.11151
4961.53848628524  26.9323
4962.37697957656  33.08243
4963.21547286787  31.0694
4964.05396615919  30.94415
4964.89245945051  29.96094
4965.73095274182  28.93655
4966.56944603314  29.41633
4967.40793932445  28.93127
4968.24643261577  29.46098
4969.08492590708  29.90004
4969.9234191984  29.62632
4970.76191248972  31.09944
4971.60040578103  31.9481
4972.43889907235  29.83958
4973.27739236366  27.2617
4974.11588565498  29.54503
4974.9543789463  28.85869
4975.79287223761  31.10376
4976.63136552893  29.73314
4977.46985882024  25.4811
4978.30835211156  30.05207
4979.14684540288  28.09749
4979.98533869419  24.74959
4980.82383198551  30.05567
4981.66232527682  31.00816
4982.50081856814  33.34185
4983.33931185945  36.85091
4984.17780515077  35.43013
4985.01629844209  29.57731
4985.8547917334  31.55106
4986.69328502472  28.85627
4987.53177831603  30.09691
4988.37027160735  30.61993
4989.20876489867  29.88783
4990.04725818998  33.37164
4990.8857514813  34.08908
4991.72424477261  33.42871
4992.56273806393  33.10656
4993.40123135525  30.87495
4994.23972464656  30.46003
4995.07821793788  30.28848
4995.91671122919  32.8815
4996.75520452051  33.10905
4997.59369781182  34.48863
4998.43219110314  36.72131
4999.27068439446  33.84563
5000.10917768577  37.86478
5000.94767097709  35.00323
5001.78616426841  30.47189
5002.62465755972  29.30545
5003.46315085104  29.3962
5004.30164414235  30.76201
5005.14013743367  29.6203
5005.97863072498  32.41516
5006.8171240163  30.24586
5007.65561730762  31.01361
5008.49411059893  31.23476
5009.33260389025  31.91614
5010.17109718156  28.74796
5011.00959047288  27.99279
5011.8480837642  33.20922
5012.68657705551  33.13081
5013.52507034683  29.74756
5014.36356363814  29.30493
5015.20205692946  31.84636
5016.04055022078  31.6748
5016.87904351209  33.84489
5017.71753680341  29.05114
5018.55603009472  32.12144
5019.39452338604  33.54962
5020.23301667735  32.08711
5021.07150996867  33.35548
5021.91000325999  33.44247
5022.7484965513  32.30976
5023.58698984262  32.8822
5024.42548313393  34.11623
5025.26397642525  32.33546
5026.10246971657  31.48528
5026.94096300788  33.5611
5027.7794562992  34.87302
5028.61794959051  37.64959
5029.45644288183  46.39117
5030.29493617315  48.51396
5031.13342946446  43.17846
5031.97192275578  41.29303
5032.81041604709  35.45189
5033.64890933841  36.74924
5034.48740262973  33.83437
5035.32589592104  33.06093
5036.16438921236  32.81168
5037.00288250367  33.81971
5037.84137579499  30.72524
5038.6798690863  29.21645
5039.51836237762  30.8418
5040.35685566894  36.4116
5041.19534896025  34.75539
5042.03384225157  32.70821
5042.87233554288  32.10208
5043.7108288342  34.37259
5044.54932212552  36.75611
5045.38781541683  35.8695
5046.22630870815  39.67423
5047.06480199946  36.17621
5047.90329529078  33.02375
5048.7417885821  30.58757
5049.58028187341  36.97839
5050.41877516473  36.04702
5051.25726845604  28.91735
5052.09576174736  30.7798
5052.93425503868  32.02702
5053.77274832999  31.91249
5054.61124162131  33.58599
5055.44973491262  32.87607
5056.28822820394  33.1758
5057.12672149525  29.25056
5057.96521478657  31.47736
5058.80370807789  28.97398
5059.6422013692  24.74462
5060.48069466052  25.11586
5061.31918795183  27.23503
5062.15768124315  23.76782
5062.99617453446  25.52685
5063.83466782578  27.72654
5064.6731611171  26.83549
5065.51165440841  23.57829
5066.35014769973  26.50972
5067.18864099104  32.21831
5068.02713428236  30.50235
5068.86562757368  29.16005
5069.70412086499  28.0159
5070.54261415631  28.23235
5071.38110744762  29.39745
5072.21960073894  30.94506
5073.05809403026  30.67497
5073.89658732157  29.86275
5074.73508061289  30.0072
5075.5735739042  26.66512
5076.41206719552  25.45979
5077.25056048684  26.10469
5078.08905377815  30.15751
5078.92754706947  32.85268
5079.76604036078  29.47068
5080.6045336521  29.01837
5081.44302694341  30.67554
5082.28152023473  30.21151
5083.12001352605  31.86919
5083.95850681736  31.01154
5084.79700010868  29.59689
5085.63549339999  30.50718
5086.47398669131  31.41782
5087.31247998263  25.42962
5088.15097327394  28.57674
5088.98946656526  29.08105
5089.82795985657  26.99561
5090.66645314789  28.87963
5091.50494643921  28.81487
5092.34343973052  25.13404
5093.18193302184  24.88953
5094.02042631315  27.57552
5094.85891960447  26.07956
5095.69741289578  22.75983
5096.5359061871  28.62514
5097.37439947842  26.06076
5098.21289276973  30.77324
5099.05138606105  32.50749
5099.88987935236  26.82184
5100.72837264368  25.46208
5101.566865935  29.16673
5102.40535922631  27.21406
5103.24385251763  24.96953
5104.08234580894  25.1251
5104.92083910026  26.85259
5105.75933239158  26.32849
5106.59782568289  28.84998
5107.43631897421  29.1001
5108.27481226552  25.34582
5109.11330555684  27.104
5109.95179884816  27.05985
5110.79029213947  26.70739
5111.62878543079  27.35549
5112.4672787221  28.74509
5113.30577201342  32.26373
5114.14426530473  31.3101
5114.98275859605  28.79494
5115.82125188737  27.54634
5116.65974517868  27.6072
5117.49823847  33.11967
5118.33673176131  33.98644
5119.17522505263  31.94188
5120.01371834395  29.21826
5120.85221163526  27.02942
5121.69070492658  29.49468
5122.52919821789  29.17796
5123.36769150921  29.50732
5124.20618480053  26.60727
5125.04467809184  26.6272
5125.88317138316  28.40849
5126.72166467447  32.1255
5127.56015796579  27.37688
5128.39865125711  27.68089
5129.23714454842  29.52871
5130.07563783974  25.38758
5130.91413113105  24.91117
5131.75262442237  27.1038
5132.59111771369  26.88022
5133.429611005  26.98541
5134.26810429632  25.96448
5135.10659758763  28.31613
5135.94509087895  28.17339
5136.78358417027  26.92785
5137.62207746158  28.29084
5138.4605707529  28.78321
5139.29906404421  30.69959
5140.13755733553  29.69155
5140.97605062684  28.32138
5141.81454391816  27.28592
5142.65303720948  28.7338
5143.49153050079  27.11704
5144.33002379211  25.23639
5145.16851708342  28.86472
5146.00701037474  28.25358
5146.84550366605  26.10175
5147.68399695737  27.81539
5148.52249024869  24.12367
5149.36098354  25.4076
5150.19947683132  26.17537
5151.03797012263  29.43583
5151.87646341395  27.61238
5152.71495670527  27.90727
5153.55344999658  24.31987
5154.3919432879  25.32006
5155.23043657921  28.80173
5156.06892987053  30.28675
5156.90742316185  29.44947
5157.74591645316  26.98313
5158.58440974448  28.72853
5159.42290303579  28.95823
5160.26139632711  29.29365
5161.09988961843  32.07149
5161.93838290974  29.9991
5162.77687620106  30.07021
5163.61536949237  29.05722
5164.45386278369  28.68082
5165.292356075  27.21977
5166.13084936632  25.53429
5166.96934265764  25.67212
5167.80783594895  26.81877
5168.64632924027  27.26181
5169.48482253158  29.98342
5170.3233158229  29.68159
5171.16180911421  23.78271
5172.00030240553  25.66319
5172.83879569685  26.06854
5173.67728898816  25.06755
5174.51578227948  25.98658
5175.35427557079  31.2079
5176.19276886211  30.69086
5177.03126215343  24.8157
5177.86975544474  25.8245
5178.70824873606  27.2412
5179.54674202737  33.13942
5180.38523531869  31.49934
5181.22372861001  30.82631
5182.06222190132  30.0967
5182.90071519264  34.67562
5183.73920848395  30.06897
5184.57770177527  24.82251
5185.41619506659  27.19694
5186.2546883579  26.97588
5187.09318164922  29.36768
5187.93167494053  33.78889
5188.77016823185  31.69557
5189.60866152316  28.65224
5190.44715481448  23.77631
5191.2856481058  27.87379
5192.12414139711  23.22852
5192.96263468843  20.42541
5193.80112797974  23.15794
5194.63962127106  22.10342
5195.47811456238  25.59354
5196.31660785369  26.994
5197.15510114501  23.33355
5197.99359443632  21.8281
5198.83208772764  23.90531
5199.67058101896  26.90049
5200.50907431027  25.03978
5201.34756760159  28.24553
5202.1860608929  30.62834
5203.02455418422  28.98053
5203.86304747553  27.51678
5204.70154076685  33.52642
5205.54003405817  31.62168
5206.37852734948  31.47878
5207.2170206408  27.52715
5208.05551393212  25.34464
5208.89400722343  21.66761
5209.73250051475  20.30577
5210.57099380606  23.60292
5211.40948709738  28.48785
5212.2479803887  30.20066
5213.08647368001  28.99789
5213.92496697133  27.48721
5214.76346026264  28.9613
5215.60195355396  32.63353
5216.44044684527  28.72387
5217.27894013659  23.15354
5218.11743342791  26.57615
5218.95592671922  29.83134
5219.79442001054  26.59791
5220.63291330185  27.61274
5221.47140659317  30.03423
5222.30989988448  29.05331
5223.1483931758  30.83525
5223.98688646712  27.24946
5224.82537975843  28.66311
5225.66387304975  28.79997
5226.50236634106  29.09686
5227.34085963238  30.7257
5228.1793529237  29.23607
5229.01784621501  27.86394
5229.85633950633  26.10808
5230.69483279764  26.9257
5231.53332608896  25.80929
5232.37181938028  27.12531
5233.21031267159  29.60297
5234.04880596291  27.24448
5234.88729925422  25.11789
5235.72579254554  23.20133
5236.56428583686  30.21299
5237.40277912817  29.12461
5238.24127241949  29.23695
5239.0797657108  30.38587
5239.91825900212  26.18861
5240.75675229343  29.06217
5241.59524558475  27.71194
5242.43373887607  27.65663
5243.27223216738  30.95483
5244.1107254587  29.99265
5244.94921875001  28.32006
5245.78771204133  28.20491
5246.62620533265  30.85038
5247.46469862396  27.1596
5248.30319191528  25.62749
5249.14168520659  30.0039
5249.98017849791  30.6755
5250.81867178923  26.89535
5251.65716508054  26.48165
5252.49565837186  23.6237
5253.33415166317  23.99084
5254.17264495449  28.7413
5255.0111382458  28.97379
5255.84963153712  28.08101
5256.68812482844  29.12979
5257.52661811975  26.19825
5258.36511141107  27.95677
5259.20360470238  29.91198
5260.0420979937  29.74927
5260.88059128502  30.83175
5261.71908457633  28.44307
5262.55757786765  32.26925
5263.39607115896  27.90349
5264.23456445028  29.34723
5265.0730577416  25.79504
5265.91155103291  28.74099
5266.75004432423  25.98856
5267.58853761554  29.69889
5268.42703090686  29.60627
5269.26552419817  26.85368
5270.10401748949  28.18517
5270.94251078081  34.35023
5271.78100407212  32.82253
5272.61949736344  25.82625
5273.45799065475  24.84115
5274.29648394607  28.3996
5275.13497723739  28.35404
5275.9734705287  27.18769
5276.81196382002  27.45785
5277.65045711133  27.97275
5278.48895040265  26.46439
5279.32744369397  25.70328
5280.16593698528  31.04252
5281.0044302766  26.17012
5281.84292356791  27.54466
5282.68141685923  30.20843
5283.51991015054  31.4256
5284.35840344186  30.97289
5285.19689673318  30.91222
5286.03539002449  29.90946
5286.87388331581  30.86825
5287.71237660712  27.94339
5288.55086989844  26.50199
5289.38936318976  25.8378
5290.22785648107  26.50559
5291.06634977239  20.45338
5291.9048430637  23.88636
5292.74333635502  27.04121
5293.58182964633  27.75295
5294.42032293765  24.27549
5295.25881622897  26.00384
5296.09730952028  30.10734
5296.9358028116  27.55187
5297.77429610291  23.90954
5298.61278939423  29.08062
5299.45128268555  30.73431
5300.28977597686  29.30502
5301.12826926818  29.90779
5301.96676255949  28.95627
5302.80525585081  29.39704
5303.64374914213  28.44427
5304.48224243344  32.5375
5305.32073572476  32.19581
5306.15922901607  25.48492
5306.99772230739  25.85375
5307.83621559871  27.88352
5308.67470889002  29.09084
5309.51320218134  24.73909
5310.35169547265  26.8249
5311.19018876397  29.98246
5312.02868205529  28.38169
5312.8671753466  27.60436
5313.70566863792  31.63427
5314.54416192923  29.16379
5315.38265522055  29.34696
5316.22114851187  29.74939
5317.05964180318  26.88846
5317.8981350945  31.24828
5318.73662838581  31.55608
5319.57512167713  30.61863
5320.41361496844  27.75706
5321.25210825976  28.90438
5322.09060155108  26.62695
5322.92909484239  31.56617
5323.76758813371  31.83751
5324.60608142502  28.09322
5325.44457471634  25.46525
5326.28306800766  26.9874
5327.12156129897  27.15126
5327.96005459029  30.05334
5328.7985478816  26.56286
5329.63704117292  27.92869
5330.47553446423  26.71424
5331.31402775555  29.06009
5332.15252104687  31.06302
5332.99101433818  31.47187
5333.8295076295  30.58682
5334.66800092081  29.90295
5335.50649421213  30.35793
5336.34498750345  34.32621
5337.18348079476  37.17561
5338.02197408608  31.93135
5338.86046737739  31.23572
5339.69896066871  27.37113
5340.53745396003  31.98155
5341.37594725134  28.71551
5342.21444054266  31.09861
5343.05293383397  27.86441
5343.89142712529  32.67478
5344.72992041661  30.72958
5345.56841370792  29.65794
5346.40690699924  30.82253
5347.24540029055  28.54414
5348.08389358187  29.75874
5348.92238687319  30.12946
5349.7608801645  31.84838
5350.59937345582  31.16356
5351.43786674713  30.02714
5352.27636003845  28.333
5353.11485332976  30.14991
5353.95334662108  29.04893
5354.7918399124  27.14288
5355.63033320371  27.22574
5356.46882649503  29.17935
5357.30731978634  24.89548
5358.14581307766  31.21085
5358.98430636898  30.67859
5359.82279966029  33.51998
5360.66129295161  32.33207
5361.49978624292  31.50501
5362.33827953424  28.82182
5363.17677282556  31.1372
5364.01526611687  28.49487
5364.85375940819  28.35671
5365.6922526995  28.63402
5366.53074599082  30.33911
5367.36923928213  26.5905
5368.20773257345  24.79782
5369.04622586477  29.59738
5369.88471915608  29.53214
5370.7232124474  28.38371
5371.56170573871  29.16263
5372.40019903003  28.89923
5373.23869232135  31.36989
5374.07718561266  30.69897
5374.91567890398  35.29964
5375.75417219529  30.81054
5376.59266548661  26.10447
5377.43115877792  27.98091
5378.26965206924  30.19512
5379.10814536056  29.34372
5379.94663865187  30.38988
5380.78513194319  32.29968
5381.6236252345  29.88754
5382.46211852582  28.24353
5383.30061181714  29.97375
5384.13910510845  28.14742
5384.97759839977  28.93215
5385.81609169108  30.78888
5386.6545849824  28.81456
5387.49307827372  29.5735
5388.33157156503  28.13424
5389.17006485635  29.4563
5390.00855814766  29.79246
5390.84705143898  27.79176
5391.6855447303  29.59925
5392.52403802161  34.19379
5393.36253131293  28.20673
5394.20102460424  29.02302
5395.03951789556  29.2272
5395.87801118687  28.34383
5396.71650447819  29.60344
5397.55499776951  29.99401
5398.39349106082  25.90181
5399.23198435214  28.5878
5400.07047764345  28.39776
5400.90897093477  29.5111
5401.74746422608  31.79155
5402.5859575174  33.52275
5403.42445080872  30.79203
5404.26294410003  30.24805
5405.10143739135  26.61363
5405.93993068266  28.34579
5406.77842397398  32.13071
5407.6169172653  31.06387
5408.45541055661  30.45506
5409.29390384793  29.50416
5410.13239713924  32.35556
5410.97089043056  30.79535
5411.80938372188  26.27405
5412.64787701319  26.28133
5413.48637030451  29.74567
5414.32486359582  29.05304
5415.16335688714  26.32771
5416.00185017846  28.67118
5416.84034346977  29.81618
5417.67883676109  32.02431
5418.5173300524  32.23129
5419.35582334372  28.92878
5420.19431663504  28.69985
5421.03280992635  25.83813
5421.87130321767  30.95075
5422.70979650898  32.13305
5423.5482898003  33.62253
5424.38678309162  28.3651
5425.22527638293  29.39378
5426.06376967425  30.12411
5426.90226296556  26.63281
5427.74075625688  28.67038
5428.57924954819  30.07851
5429.41774283951  33.63013
5430.25623613083  28.20099
5431.09472942214  27.52404
5431.93322271346  27.34915
5432.77171600477  29.26207
5433.61020929609  27.12456
5434.4487025874  25.12289
5435.28719587872  28.69976
5436.12568917004  27.74672
5436.96418246135  29.62798
5437.80267575267  27.5827
5438.64116904399  29.62819
5439.4796623353  30.47923
5440.31815562662  28.43632
5441.15664891793  28.85925
5441.99514220925  28.56322
5442.83363550057  30.21046
5443.67212879188  30.68619
5444.5106220832  28.98864
5445.34911537451  28.64732
5446.18760866583  30.71451
5447.02610195714  31.60572
5447.86459524846  31.54209
5448.70308853978  29.09166
5449.54158183109  30.61982
5450.38007512241  27.51131
5451.21856841372  32.07688
5452.05706170504  27.44081
5452.89555499636  26.21534
5453.73404828767  31.47873
5454.57254157899  33.08733
5455.4110348703  35.37558
5456.24952816162  34.33397
5457.08802145293  28.92955
5457.92651474425  28.19793
5458.76500803557  29.02937
5459.60350132688  30.10549
5460.4419946182  28.02833
5461.28048790952  27.65755
5462.11898120083  31.55815
5462.95747449215  28.62445
5463.79596778346  27.60995
5464.63446107478  30.67301
5465.47295436609  30.03056
5466.31144765741  28.07171
5467.14994094873  26.5971
5467.98843424004  32.16962
5468.82692753136  32.51283
5469.66542082267  30.96948
5470.50391411399  29.26519
5471.3424074053  29.23462
5472.18090069662  29.48837
5473.01939398794  29.90395
5473.85788727925  28.35264
5474.69638057057  31.9129
5475.53487386188  28.73806
5476.3733671532  28.45575
5477.21186044452  27.86382
5478.05035373583  32.4194
5478.88884702715  30.58376
5479.72734031846  27.23968
5480.56583360978  31.29704
5481.4043269011  35.46769
5482.24282019241  31.96913
5483.08131348373  27.23572
5483.91980677504  28.94871
5484.75830006636  28.26259
5485.59679335767  27.58949
5486.43528664899  29.11183
5487.27377994031  30.89167
5488.11227323162  30.11725
5488.95076652294  31.10126
5489.78925981425  29.96957
5490.62775310557  31.05103
5491.46624639689  26.66231
5492.3047396882  30.68227
5493.14323297952  30.37808
5493.98172627083  32.32888
5494.82021956215  30.55226
5495.65871285347  28.66337
5496.49720614478  33.32616
5497.3356994361  32.16549
5498.17419272741  30.01993
5499.01268601873  31.86192
5499.85117931005  30.13437
5500.68967260136  32.41354
5501.52816589268  30.98774
5502.36665918399  34.41096
5503.20515247531  33.07177
5504.04364576662  28.29586
5504.88213905794  31.53171
5505.72063234926  29.37755
5506.55912564057  25.34875
5507.39761893189  28.06118
5508.2361122232  32.04849
5509.07460551452  30.86106
5509.91309880583  26.51375
5510.75159209715  27.20298
5511.59008538847  28.70428
5512.42857867978  29.23822
5513.2670719711  30.11007
5514.10556526241  31.68996
5514.94405855373  30.95488
5515.78255184505  32.2382
5516.62104513636  27.13235
5517.45953842768  32.52896
5518.29803171899  32.86082
5519.13652501031  28.28213
5519.97501830163  30.28857
5520.81351159294  32.58264
5521.65200488426  29.6274
5522.49049817557  29.34451
5523.32899146689  29.28313
5524.16748475821  30.37244
5525.00597804952  28.25996
5525.84447134084  26.37437
5526.68296463215  28.57207
5527.52145792347  29.07667
5528.35995121479  27.80274
5529.1984445061  33.25785
5530.03693779742  34.30479
5530.87543108873  29.2282
5531.71392438005  29.47826
5532.55241767136  34.02495
5533.39091096268  34.31655
5534.229404254  29.78762
5535.06789754531  28.814
5535.90639083663  29.15072
5536.74488412794  29.65249
5537.58337741926  27.36693
5538.42187071058  26.74782
5539.26036400189  29.52601
5540.09885729321  30.62022
5540.93735058452  27.70326
5541.77584387584  28.14893
5542.61433716716  32.09177
5543.45283045847  28.99555
5544.29132374979  28.93623
5545.1298170411  32.51793
5545.96831033242  31.68248
5546.80680362373  29.68316
5547.64529691505  30.7271
5548.48379020637  28.78217
5549.32228349768  30.65261
5550.160776789  28.98905
5550.99927008031  28.08905
5551.83776337163  30.27152
5552.67625666295  28.80364
5553.51474995426  28.79413
5554.35324324558  29.83247
5555.19173653689  33.05792
5556.03022982821  29.82812
5556.86872311953  29.54558
5557.70721641084  24.82918
5558.54570970216  28.37787
5559.38420299347  29.26076
5560.22269628479  29.37868
5561.06118957611  30.19097
5561.89968286742  24.47166
5562.73817615874  25.99662
5563.57666945005  23.71921
5564.41516274137  27.45308
5565.25365603269  28.02103
5566.092149324  30.3513
5566.93064261532  26.38958
5567.76913590663  31.56974
5568.60762919795  30.825
5569.44612248926  29.24618
5570.28461578058  33.13356
5571.1231090719  28.81519
5571.96160236321  30.17753
5572.80009565453  29.88908
5573.63858894584  32.13647
5574.47708223716  29.86968
5575.31557552848  26.06535
5576.15406881979  30.2019
5576.99256211111  30.07352
5577.83105540242  42.48766
5578.66954869374  75.08385
5579.50804198506  62.09431
5580.34653527637  21.0996
5581.18502856769  -17.73691
5582.023521859  -38.97239
5582.86201515032  15.56329
5583.70050844163  27.12089
5584.53900173295  31.45936
5585.37749502427  31.67095
5586.21598831558  29.17533
5587.0544816069  30.04059
5587.89297489821  29.92839
5588.73146818953  30.14675
5589.56996148085  31.06712
5590.40845477216  26.26628
5591.24694806348  27.84888
5592.08544135479  28.42561
5592.92393464611  26.57962
5593.76242793743  28.8145
5594.60092122874  28.91975
5595.43941452006  29.28768
5596.27790781137  28.90696
5597.11640110269  26.99199
5597.954894394  26.96309
5598.79338768532  28.03224
5599.63188097664  28.7914
5600.47037426795  33.26218
5601.30886755927  30.90932
5602.14736085058  27.61222
5602.9858541419  30.54579
5603.82434743322  30.62636
5604.66284072453  32.37331
5605.50133401585  31.64997
5606.33982730716  26.94762
5607.17832059848  30.63456
5608.0168138898  32.96571
5608.85530718111  34.09834
5609.69380047243  29.18556
5610.53229376374  27.44615
5611.37078705506  32.1498
5612.20928034638  30.76902
5613.04777363769  28.32895
5613.88626692901  28.34661
5614.72476022032  29.09567
5615.56325351164  33.28831
5616.40174680296  31.78251
5617.24024009427  27.20364
5618.07873338559  23.95795
5618.9172266769  26.67788
5619.75571996822  25.68929
5620.59421325953  31.07571
5621.43270655085  29.58288
5622.27119984217  28.77567
5623.10969313348  25.99859
5623.9481864248  25.34278
5624.78667971611  30.83985
5625.62517300743  35.5177
5626.46366629874  29.41802
5627.30215959006  27.68859
5628.14065288138  29.20187
5628.97914617269  27.76976
5629.81763946401  27.95162
5630.65613275532  28.85317
5631.49462604664  27.14187
5632.33311933796  28.46517
5633.17161262927  29.94566
5634.01010592059  30.65882
5634.8485992119  33.58382
5635.68709250322  30.46441
5636.52558579454  32.19758
5637.36407908585  27.74305
5638.20257237717  27.16138
5639.04106566848  32.38064
5639.8795589598  34.19987
5640.71805225112  31.34128
5641.55654554243  31.25211
5642.39503883375  36.71641
5643.23353212506  36.30473
5644.07202541638  31.55666
5644.91051870769  33.69345
5645.74901199901  27.45212
5646.58750529033  27.41023
5647.42599858164  28.68544
5648.26449187296  25.65651
5649.10298516427  26.17652
5649.94147845559  30.91449
5650.77997174691  32.10579
5651.61846503822  31.36896
5652.45695832954  33.17862
5653.29545162085  32.38498
5654.13394491217  32.7506
5654.97243820349  33.64581
5655.8109314948  31.01233
5656.64942478612  23.35186
5657.48791807743  24.75444
5658.32641136875  28.11374
5659.16490466006  24.81345
5660.00339795138  28.90443
5660.8418912427  25.9548
5661.68038453401  24.08735
5662.51887782533  30.28331
5663.35737111664  31.42382
5664.19586440796  33.05005
5665.03435769928  30.57074
5665.87285099059  32.19485
5666.71134428191  29.06739
5667.54983757322  29.34951
5668.38833086454  28.86254
5669.22682415586  26.53317
5670.06531744717  27.90451
5670.90381073849  28.98265
5671.7423040298  32.419
5672.58079732112  29.80877
5673.41929061244  27.76284
5674.25778390375  28.51781
5675.09627719507  25.94377
5675.93477048638  29.98957
5676.7732637777  29.03639
5677.61175706901  26.14419
5678.45025036033  31.3719
5679.28874365165  29.00354
5680.12723694296  32.97853
5680.96573023428  31.10571
5681.80422352559  27.37576
5682.64271681691  25.55079
5683.48121010822  32.35077
5684.31970339954  30.50186
5685.15819669086  32.73517
5685.99668998217  32.72851
5686.83518327349  29.69861
5687.6736765648  31.4372
5688.51216985612  29.59866
5689.35066314744  28.41185
5690.18915643875  27.5499
5691.02764973007  27.42733
5691.86614302139  28.03159
5692.7046363127  30.17653
5693.54312960402  36.49068
5694.38162289533  35.58504
5695.22011618665  30.71643
5696.05860947796  29.89967
5696.89710276928  27.9737
5697.7355960606  27.17067
5698.57408935191  28.37722
5699.41258264323  32.46964
5700.25107593454  32.24248
5701.08956922586  33.31674
5701.92806251717  32.07158
5702.76655580849  32.09663
5703.60504909981  28.76196
5704.44354239112  32.84549
5705.28203568244  29.67087
5706.12052897375  28.43273
5706.95902226507  32.18562
5707.79751555639  32.13066
5708.6360088477  33.92587
5709.47450213902  30.61511
5710.31299543033  31.31949
5711.15148872165  28.02769
5711.98998201297  29.01918
5712.82847530428  31.97217
5713.6669685956  28.51344
5714.50546188691  31.5769
5715.34395517823  32.07046
5716.18244846955  26.43952
5717.02094176086  27.33881
5717.85943505218  26.7127
5718.69792834349  32.03994
5719.53642163481  32.2485
5720.37491492613  32.03144
5721.21340821744  28.3993
5722.05190150876  29.46903
5722.89039480007  29.40249
5723.72888809139  29.66495
5724.56738138271  27.42279
5725.40587467402  32.10195
5726.24436796534  32.54225
5727.08286125665  29.41096
5727.92135454797  29.48808
5728.75984783928  29.04718
5729.5983411306  28.79802
5730.43683442192  29.50869
5731.27532771323  32.00132
5732.11382100455  31.5349
5732.95231429586  30.68195
5733.79080758718  29.33393
5734.62930087849  30.80308
5735.46779416981  26.77731
5736.30628746113  26.54551
5737.14478075244  26.94678
5737.98327404376  31.39099
5738.82176733507  31.67351
5739.66026062639  31.58179
5740.49875391771  27.27026
5741.33724720902  28.89445
5742.17574050034  27.73223
5743.01423379165  30.97599
5743.85272708297  29.67023
5744.69122037429  28.72464
5745.5297136656  27.28189
5746.36820695692  29.95106
5747.20670024823  29.10281
5748.04519353955  29.49137
5748.88368683087  30.54252
5749.72218012218  34.59169
5750.5606734135  25.77959
5751.39916670481  26.99617
5752.23765999613  33.96096
5753.07615328744  32.55788
5753.91464657876  29.96202
5754.75313987008  28.18871
5755.59163316139  28.55699
5756.43012645271  30.66525
5757.26861974402  26.38701
5758.10711303534  27.95327
5758.94560632666  29.56814
5759.78409961797  30.94824
5760.62259290929  27.69649
5761.4610862006  29.44641
5762.29957949192  29.22015
5763.13807278323  30.29721
5763.97656607455  29.64942
5764.81505936587  29.80186
5765.65355265718  32.23671
5766.4920459485  30.36562
5767.33053923981  24.73697
5768.16903253113  26.90509
5769.00752582245  31.34719
5769.84601911376  27.78788
5770.68451240508  27.15114
5771.52300569639  31.98005
5772.36149898771  34.69448
5773.19999227903  29.90943
5774.03848557034  27.67249
5774.87697886166  30.38718
5775.71547215297  28.48061
5776.55396544429  29.44555
5777.39245873561  32.75328
5778.23095202692  28.16258
5779.06944531824  28.19884
5779.90793860955  29.19198
5780.74643190087  31.29642
5781.58492519219  34.58807
5782.4234184835  32.22411
5783.26191177482  27.14061
5784.10040506613  33.78069
5784.93889835745  28.16203
5785.77739164876  32.10051
5786.61588494008  30.57397
5787.4543782314  28.5674
5788.29287152271  25.23021
5789.13136481403  23.4915
5789.96985810534  30.3609
5790.80835139666  28.07795
5791.64684468798  27.55175
5792.48533797929  30.67655
5793.32383127061  27.76526
5794.16232456192  30.80571
5795.00081785324  31.88367
5795.83931114456  30.79722
5796.67780443587  25.14862
5797.51629772719  24.25822
5798.3547910185  26.28415
5799.19328430982  31.7703
5800.03177760114  29.49394
5800.87027089245  29.48923
5801.70876418377  27.66113
5802.54725747508  27.13428
5803.3857507664  29.82802
5804.22424405771  30.22706
5805.06273734903  31.96405
5805.90123064035  32.06518
5806.73972393166  34.27279
5807.57821722298  31.43886
5808.41671051429  29.92956
5809.25520380561  34.15838
5810.09369709692  31.02725
5810.93219038824  28.64734
5811.77068367956  29.69107
5812.60917697087  32.08113
5813.44767026219  28.23869
5814.2861635535  26.20578
5815.12465684482  29.94615
5815.96315013614  30.75477
5816.80164342745  27.05915
5817.64013671877  31.62841
